(kicad_pcb (version 20171130) (host pcbnew "(5.1.4)-1")

  (general
    (thickness 1.6)
    (drawings 44)
    (tracks 556)
    (zones 0)
    (modules 118)
    (nets 187)
  )

  (page A4)
  (layers
    (0 F.Cu signal)
    (31 B.Cu signal)
    (32 B.Adhes user)
    (33 F.Adhes user)
    (34 B.Paste user)
    (35 F.Paste user)
    (36 B.SilkS user hide)
    (37 F.SilkS user)
    (38 B.Mask user)
    (39 F.Mask user)
    (40 Dwgs.User user hide)
    (41 Cmts.User user)
    (42 Eco1.User user)
    (43 Eco2.User user)
    (44 Edge.Cuts user)
    (45 Margin user)
    (46 B.CrtYd user)
    (47 F.CrtYd user)
    (48 B.Fab user hide)
    (49 F.Fab user hide)
  )

  (setup
    (last_trace_width 0.254)
    (user_trace_width 0.254)
    (user_trace_width 0.381)
    (user_trace_width 0.508)
    (user_trace_width 0.762)
    (user_trace_width 1.016)
    (user_trace_width 1.27)
    (user_trace_width 2.54)
    (user_trace_width 3.048)
    (trace_clearance 0.2)
    (zone_clearance 0.508)
    (zone_45_only no)
    (trace_min 0.2)
    (via_size 0.8)
    (via_drill 0.4)
    (via_min_size 0.4)
    (via_min_drill 0.3)
    (user_via 1.27 0.635)
    (uvia_size 0.3)
    (uvia_drill 0.1)
    (uvias_allowed no)
    (uvia_min_size 0.2)
    (uvia_min_drill 0.1)
    (edge_width 0.05)
    (segment_width 0.2)
    (pcb_text_width 0.3)
    (pcb_text_size 1.5 1.5)
    (mod_edge_width 0.12)
    (mod_text_size 1 1)
    (mod_text_width 0.15)
    (pad_size 1.524 1.524)
    (pad_drill 0.762)
    (pad_to_mask_clearance 0.051)
    (solder_mask_min_width 0.25)
    (aux_axis_origin 0 0)
    (visible_elements 7FFFF7FF)
    (pcbplotparams
      (layerselection 0x010fc_ffffffff)
      (usegerberextensions false)
      (usegerberattributes false)
      (usegerberadvancedattributes false)
      (creategerberjobfile false)
      (excludeedgelayer true)
      (linewidth 0.100000)
      (plotframeref false)
      (viasonmask false)
      (mode 1)
      (useauxorigin false)
      (hpglpennumber 1)
      (hpglpenspeed 20)
      (hpglpendiameter 15.000000)
      (psnegative false)
      (psa4output false)
      (plotreference true)
      (plotvalue true)
      (plotinvisibletext false)
      (padsonsilk false)
      (subtractmaskfromsilk false)
      (outputformat 1)
      (mirror false)
      (drillshape 1)
      (scaleselection 1)
      (outputdirectory ""))
  )

  (net 0 "")
  (net 1 /Power/12V)
  (net 2 GND)
  (net 3 /Power/3.3V)
  (net 4 "/Tiva/Motor Driver 2/Current_Sense_2")
  (net 5 "/Tiva/Motor Driver 3/Current_Sense_3")
  (net 6 "/Tiva/Motor Driver 4/Current_Sense_4")
  (net 7 "/Tiva/Motor Driver 5/Current_Sense_5")
  (net 8 "/Tiva/Motor Driver 6/Current_Sense_6")
  (net 9 "/Tiva/Motor Driver 1/Current_Sense_1")
  (net 10 +12VA)
  (net 11 "Net-(Conn3-Pad2)")
  (net 12 "Net-(Conn3-Pad1)")
  (net 13 "Net-(Conn4-Pad2)")
  (net 14 "Net-(Conn4-Pad1)")
  (net 15 "Net-(Conn5-Pad2)")
  (net 16 "Net-(Conn5-Pad1)")
  (net 17 "Net-(Conn6-Pad1)")
  (net 18 "Net-(Conn6-Pad2)")
  (net 19 "/Tiva/Limit Switches/Limit_Switch_1")
  (net 20 "/Tiva/Limit Switches/Limit_Switch_2")
  (net 21 "/Tiva/Limit Switches/Limit_Switch_3")
  (net 22 "/Tiva/Limit Switches/Limit_Switch_4")
  (net 23 "/Tiva/Absolute Encoders/Encoder_PWM_1")
  (net 24 "/Tiva/Absolute Encoders/Encoder_PWM_2")
  (net 25 "Net-(D1-Pad2)")
  (net 26 "Net-(D2-Pad2)")
  (net 27 "Net-(D5-Pad2)")
  (net 28 "Net-(D6-Pad2)")
  (net 29 "Net-(D8-Pad1)")
  (net 30 "Net-(D9-Pad1)")
  (net 31 "Net-(D11-Pad1)")
  (net 32 "Net-(D12-Pad1)")
  (net 33 "Net-(D14-Pad1)")
  (net 34 "Net-(D15-Pad1)")
  (net 35 "Net-(D17-Pad1)")
  (net 36 "Net-(D18-Pad1)")
  (net 37 "Net-(D20-Pad1)")
  (net 38 "Net-(D21-Pad1)")
  (net 39 "Net-(D22-Pad2)")
  (net 40 "Net-(D23-Pad2)")
  (net 41 "Net-(D24-Pad2)")
  (net 42 "Net-(D25-Pad2)")
  (net 43 "Net-(D27-Pad1)")
  (net 44 "Net-(D28-Pad1)")
  (net 45 "Net-(R4-Pad1)")
  (net 46 "Net-(R5-Pad1)")
  (net 47 "Net-(R6-Pad1)")
  (net 48 "/Tiva/Motor Driver 2/In_A_2")
  (net 49 "Net-(R8-Pad1)")
  (net 50 "Net-(R9-Pad1)")
  (net 51 "/Tiva/Motor Driver 2/PWM_2")
  (net 52 "Net-(R10-Pad1)")
  (net 53 "Net-(R11-Pad1)")
  (net 54 "Net-(R12-Pad1)")
  (net 55 "/Tiva/Motor Driver 2/In_B_2")
  (net 56 "Net-(R15-Pad1)")
  (net 57 "/Tiva/Motor Driver 3/In_A_3")
  (net 58 "Net-(R17-Pad1)")
  (net 59 "Net-(R18-Pad1)")
  (net 60 "/Tiva/Motor Driver 3/PWM_3")
  (net 61 "Net-(R19-Pad1)")
  (net 62 "Net-(R20-Pad1)")
  (net 63 "Net-(R21-Pad1)")
  (net 64 "/Tiva/Motor Driver 3/In_B_3")
  (net 65 "Net-(R24-Pad1)")
  (net 66 "Net-(R26-Pad1)")
  (net 67 "/Tiva/Motor Driver 4/In_A_4")
  (net 68 "Net-(R27-Pad1)")
  (net 69 "Net-(R28-Pad1)")
  (net 70 "/Tiva/Motor Driver 4/PWM_4")
  (net 71 "Net-(R29-Pad1)")
  (net 72 "/Tiva/Motor Driver 4/In_B_4")
  (net 73 "Net-(R30-Pad1)")
  (net 74 "Net-(R33-Pad1)")
  (net 75 "/Tiva/Motor Driver 5/In_A_5")
  (net 76 "Net-(R35-Pad1)")
  (net 77 "Net-(R36-Pad1)")
  (net 78 "Net-(R37-Pad1)")
  (net 79 "/Tiva/Motor Driver 5/PWM_5")
  (net 80 "Net-(R38-Pad1)")
  (net 81 "Net-(R39-Pad1)")
  (net 82 "/Tiva/Motor Driver 5/In_B_5")
  (net 83 "Net-(R42-Pad1)")
  (net 84 "Net-(R44-Pad1)")
  (net 85 "/Tiva/Motor Driver 6/In_A_6")
  (net 86 "Net-(R45-Pad1)")
  (net 87 "Net-(R46-Pad1)")
  (net 88 "/Tiva/Motor Driver 6/PWM_6")
  (net 89 "Net-(R47-Pad1)")
  (net 90 "Net-(R48-Pad1)")
  (net 91 "/Tiva/Motor Driver 6/In_B_6")
  (net 92 "Net-(R55-Pad1)")
  (net 93 "/Tiva/Motor Driver 1/In_A_1")
  (net 94 "Net-(R57-Pad1)")
  (net 95 "Net-(R58-Pad1)")
  (net 96 "Net-(R59-Pad1)")
  (net 97 "/Tiva/Motor Driver 1/PWM_1")
  (net 98 "Net-(R60-Pad1)")
  (net 99 "Net-(R61-Pad1)")
  (net 100 "/Tiva/Motor Driver 1/In_B_1")
  (net 101 "Net-(U2-PadPQ1)")
  (net 102 "Net-(U2-PadPA4)")
  (net 103 "Net-(U2-PadPA5)")
  (net 104 "Net-(U2-PadPD2)")
  (net 105 "Net-(U2-PadPP0)")
  (net 106 "Net-(U2-PadPP1)")
  (net 107 "Net-(U2-PadPM0)")
  (net 108 "Net-(U2-PadPH0)")
  (net 109 "Net-(U2-PadPH1)")
  (net 110 "Net-(U2-PadPK6)")
  (net 111 "Net-(U2-PadPK7)")
  (net 112 "Net-(U2-PadPM7)")
  (net 113 "Net-(U2-Pad+5V)")
  (net 114 "Net-(U2-PadPE0)")
  (net 115 "Net-(U2-PadPE1)")
  (net 116 "Net-(U2-PadPE2)")
  (net 117 "Net-(U2-PadPE3)")
  (net 118 "Net-(U2-PadPE4)")
  (net 119 "Net-(U2-PadPC4)")
  (net 120 "Net-(U2-PadPC5)")
  (net 121 "Net-(U2-PadPG0)")
  (net 122 "Net-(U2-PadPL4)")
  (net 123 "Net-(U2-PadPL5)")
  (net 124 "Net-(U2-PadPL0)")
  (net 125 "Net-(U2-PadPL1)")
  (net 126 "Net-(U2-PadPL2)")
  (net 127 "Net-(U2-PadPL3)")
  (net 128 "Net-(U2-PadPM3)")
  (net 129 "Net-(U2-PadPH2)")
  (net 130 "Net-(U2-PadPH3)")
  (net 131 "Net-(U2-PadRese)")
  (net 132 "Net-(U2-PadPD1)")
  (net 133 "Net-(U2-PadPD0)")
  (net 134 "Net-(U2-PadPN2)")
  (net 135 "Net-(U2-PadPN3)")
  (net 136 "Net-(U2-PadPP2)")
  (net 137 "Net-(U3-Pad2)")
  (net 138 "Net-(U3-Pad11)")
  (net 139 "Net-(U3-Pad14)")
  (net 140 "Net-(U3-Pad17)")
  (net 141 "Net-(U3-Pad22)")
  (net 142 "Net-(U3-Pad24)")
  (net 143 "Net-(U3-Pad29)")
  (net 144 "Net-(U4-Pad29)")
  (net 145 "Net-(U4-Pad24)")
  (net 146 "Net-(U4-Pad22)")
  (net 147 "Net-(U4-Pad17)")
  (net 148 "Net-(U4-Pad14)")
  (net 149 "Net-(U4-Pad11)")
  (net 150 "Net-(U4-Pad2)")
  (net 151 "Net-(U5-Pad2)")
  (net 152 "Net-(U5-Pad11)")
  (net 153 "Net-(U5-Pad14)")
  (net 154 "Net-(U5-Pad17)")
  (net 155 "Net-(U5-Pad22)")
  (net 156 "Net-(U5-Pad24)")
  (net 157 "Net-(U5-Pad29)")
  (net 158 "Net-(U6-Pad29)")
  (net 159 "Net-(U6-Pad24)")
  (net 160 "Net-(U6-Pad22)")
  (net 161 "Net-(U6-Pad17)")
  (net 162 "Net-(U6-Pad14)")
  (net 163 "Net-(U6-Pad11)")
  (net 164 "Net-(U6-Pad2)")
  (net 165 "Net-(U7-Pad29)")
  (net 166 "Net-(U7-Pad24)")
  (net 167 "Net-(U7-Pad22)")
  (net 168 "Net-(U7-Pad17)")
  (net 169 "Net-(U7-Pad14)")
  (net 170 "Net-(U7-Pad11)")
  (net 171 "Net-(U7-Pad2)")
  (net 172 "Net-(U8-Pad2)")
  (net 173 "Net-(U8-Pad11)")
  (net 174 "Net-(U8-Pad14)")
  (net 175 "Net-(U8-Pad17)")
  (net 176 "Net-(U8-Pad22)")
  (net 177 "Net-(U8-Pad24)")
  (net 178 "Net-(U8-Pad29)")
  (net 179 "Net-(U2-PadPD7)")
  (net 180 "Net-(U2-PadPA6)")
  (net 181 "Net-(U2-PadPM4)")
  (net 182 "Net-(U2-PadPM5)")
  (net 183 "Net-(Conn7-Pad2)")
  (net 184 "Net-(Conn7-Pad1)")
  (net 185 "Net-(Conn12-Pad2)")
  (net 186 "Net-(Conn12-Pad1)")

  (net_class Default "This is the default net class."
    (clearance 0.2)
    (trace_width 0.25)
    (via_dia 0.8)
    (via_drill 0.4)
    (uvia_dia 0.3)
    (uvia_drill 0.1)
    (add_net +12VA)
    (add_net /Power/12V)
    (add_net /Power/3.3V)
    (add_net "/Tiva/Absolute Encoders/Encoder_PWM_1")
    (add_net "/Tiva/Absolute Encoders/Encoder_PWM_2")
    (add_net "/Tiva/Limit Switches/Limit_Switch_1")
    (add_net "/Tiva/Limit Switches/Limit_Switch_2")
    (add_net "/Tiva/Limit Switches/Limit_Switch_3")
    (add_net "/Tiva/Limit Switches/Limit_Switch_4")
    (add_net "/Tiva/Motor Driver 1/Current_Sense_1")
    (add_net "/Tiva/Motor Driver 1/In_A_1")
    (add_net "/Tiva/Motor Driver 1/In_B_1")
    (add_net "/Tiva/Motor Driver 1/PWM_1")
    (add_net "/Tiva/Motor Driver 2/Current_Sense_2")
    (add_net "/Tiva/Motor Driver 2/In_A_2")
    (add_net "/Tiva/Motor Driver 2/In_B_2")
    (add_net "/Tiva/Motor Driver 2/PWM_2")
    (add_net "/Tiva/Motor Driver 3/Current_Sense_3")
    (add_net "/Tiva/Motor Driver 3/In_A_3")
    (add_net "/Tiva/Motor Driver 3/In_B_3")
    (add_net "/Tiva/Motor Driver 3/PWM_3")
    (add_net "/Tiva/Motor Driver 4/Current_Sense_4")
    (add_net "/Tiva/Motor Driver 4/In_A_4")
    (add_net "/Tiva/Motor Driver 4/In_B_4")
    (add_net "/Tiva/Motor Driver 4/PWM_4")
    (add_net "/Tiva/Motor Driver 5/Current_Sense_5")
    (add_net "/Tiva/Motor Driver 5/In_A_5")
    (add_net "/Tiva/Motor Driver 5/In_B_5")
    (add_net "/Tiva/Motor Driver 5/PWM_5")
    (add_net "/Tiva/Motor Driver 6/Current_Sense_6")
    (add_net "/Tiva/Motor Driver 6/In_A_6")
    (add_net "/Tiva/Motor Driver 6/In_B_6")
    (add_net "/Tiva/Motor Driver 6/PWM_6")
    (add_net GND)
    (add_net "Net-(Conn12-Pad1)")
    (add_net "Net-(Conn12-Pad2)")
    (add_net "Net-(Conn3-Pad1)")
    (add_net "Net-(Conn3-Pad2)")
    (add_net "Net-(Conn4-Pad1)")
    (add_net "Net-(Conn4-Pad2)")
    (add_net "Net-(Conn5-Pad1)")
    (add_net "Net-(Conn5-Pad2)")
    (add_net "Net-(Conn6-Pad1)")
    (add_net "Net-(Conn6-Pad2)")
    (add_net "Net-(Conn7-Pad1)")
    (add_net "Net-(Conn7-Pad2)")
    (add_net "Net-(D1-Pad2)")
    (add_net "Net-(D11-Pad1)")
    (add_net "Net-(D12-Pad1)")
    (add_net "Net-(D14-Pad1)")
    (add_net "Net-(D15-Pad1)")
    (add_net "Net-(D17-Pad1)")
    (add_net "Net-(D18-Pad1)")
    (add_net "Net-(D2-Pad2)")
    (add_net "Net-(D20-Pad1)")
    (add_net "Net-(D21-Pad1)")
    (add_net "Net-(D22-Pad2)")
    (add_net "Net-(D23-Pad2)")
    (add_net "Net-(D24-Pad2)")
    (add_net "Net-(D25-Pad2)")
    (add_net "Net-(D27-Pad1)")
    (add_net "Net-(D28-Pad1)")
    (add_net "Net-(D5-Pad2)")
    (add_net "Net-(D6-Pad2)")
    (add_net "Net-(D8-Pad1)")
    (add_net "Net-(D9-Pad1)")
    (add_net "Net-(R10-Pad1)")
    (add_net "Net-(R11-Pad1)")
    (add_net "Net-(R12-Pad1)")
    (add_net "Net-(R15-Pad1)")
    (add_net "Net-(R17-Pad1)")
    (add_net "Net-(R18-Pad1)")
    (add_net "Net-(R19-Pad1)")
    (add_net "Net-(R20-Pad1)")
    (add_net "Net-(R21-Pad1)")
    (add_net "Net-(R24-Pad1)")
    (add_net "Net-(R26-Pad1)")
    (add_net "Net-(R27-Pad1)")
    (add_net "Net-(R28-Pad1)")
    (add_net "Net-(R29-Pad1)")
    (add_net "Net-(R30-Pad1)")
    (add_net "Net-(R33-Pad1)")
    (add_net "Net-(R35-Pad1)")
    (add_net "Net-(R36-Pad1)")
    (add_net "Net-(R37-Pad1)")
    (add_net "Net-(R38-Pad1)")
    (add_net "Net-(R39-Pad1)")
    (add_net "Net-(R4-Pad1)")
    (add_net "Net-(R42-Pad1)")
    (add_net "Net-(R44-Pad1)")
    (add_net "Net-(R45-Pad1)")
    (add_net "Net-(R46-Pad1)")
    (add_net "Net-(R47-Pad1)")
    (add_net "Net-(R48-Pad1)")
    (add_net "Net-(R5-Pad1)")
    (add_net "Net-(R55-Pad1)")
    (add_net "Net-(R57-Pad1)")
    (add_net "Net-(R58-Pad1)")
    (add_net "Net-(R59-Pad1)")
    (add_net "Net-(R6-Pad1)")
    (add_net "Net-(R60-Pad1)")
    (add_net "Net-(R61-Pad1)")
    (add_net "Net-(R8-Pad1)")
    (add_net "Net-(R9-Pad1)")
    (add_net "Net-(U2-Pad+5V)")
    (add_net "Net-(U2-PadPA4)")
    (add_net "Net-(U2-PadPA5)")
    (add_net "Net-(U2-PadPA6)")
    (add_net "Net-(U2-PadPC4)")
    (add_net "Net-(U2-PadPC5)")
    (add_net "Net-(U2-PadPD0)")
    (add_net "Net-(U2-PadPD1)")
    (add_net "Net-(U2-PadPD2)")
    (add_net "Net-(U2-PadPD7)")
    (add_net "Net-(U2-PadPE0)")
    (add_net "Net-(U2-PadPE1)")
    (add_net "Net-(U2-PadPE2)")
    (add_net "Net-(U2-PadPE3)")
    (add_net "Net-(U2-PadPE4)")
    (add_net "Net-(U2-PadPG0)")
    (add_net "Net-(U2-PadPH0)")
    (add_net "Net-(U2-PadPH1)")
    (add_net "Net-(U2-PadPH2)")
    (add_net "Net-(U2-PadPH3)")
    (add_net "Net-(U2-PadPK6)")
    (add_net "Net-(U2-PadPK7)")
    (add_net "Net-(U2-PadPL0)")
    (add_net "Net-(U2-PadPL1)")
    (add_net "Net-(U2-PadPL2)")
    (add_net "Net-(U2-PadPL3)")
    (add_net "Net-(U2-PadPL4)")
    (add_net "Net-(U2-PadPL5)")
    (add_net "Net-(U2-PadPM0)")
    (add_net "Net-(U2-PadPM3)")
    (add_net "Net-(U2-PadPM4)")
    (add_net "Net-(U2-PadPM5)")
    (add_net "Net-(U2-PadPM7)")
    (add_net "Net-(U2-PadPN2)")
    (add_net "Net-(U2-PadPN3)")
    (add_net "Net-(U2-PadPP0)")
    (add_net "Net-(U2-PadPP1)")
    (add_net "Net-(U2-PadPP2)")
    (add_net "Net-(U2-PadPQ1)")
    (add_net "Net-(U2-PadRese)")
    (add_net "Net-(U3-Pad11)")
    (add_net "Net-(U3-Pad14)")
    (add_net "Net-(U3-Pad17)")
    (add_net "Net-(U3-Pad2)")
    (add_net "Net-(U3-Pad22)")
    (add_net "Net-(U3-Pad24)")
    (add_net "Net-(U3-Pad29)")
    (add_net "Net-(U4-Pad11)")
    (add_net "Net-(U4-Pad14)")
    (add_net "Net-(U4-Pad17)")
    (add_net "Net-(U4-Pad2)")
    (add_net "Net-(U4-Pad22)")
    (add_net "Net-(U4-Pad24)")
    (add_net "Net-(U4-Pad29)")
    (add_net "Net-(U5-Pad11)")
    (add_net "Net-(U5-Pad14)")
    (add_net "Net-(U5-Pad17)")
    (add_net "Net-(U5-Pad2)")
    (add_net "Net-(U5-Pad22)")
    (add_net "Net-(U5-Pad24)")
    (add_net "Net-(U5-Pad29)")
    (add_net "Net-(U6-Pad11)")
    (add_net "Net-(U6-Pad14)")
    (add_net "Net-(U6-Pad17)")
    (add_net "Net-(U6-Pad2)")
    (add_net "Net-(U6-Pad22)")
    (add_net "Net-(U6-Pad24)")
    (add_net "Net-(U6-Pad29)")
    (add_net "Net-(U7-Pad11)")
    (add_net "Net-(U7-Pad14)")
    (add_net "Net-(U7-Pad17)")
    (add_net "Net-(U7-Pad2)")
    (add_net "Net-(U7-Pad22)")
    (add_net "Net-(U7-Pad24)")
    (add_net "Net-(U7-Pad29)")
    (add_net "Net-(U8-Pad11)")
    (add_net "Net-(U8-Pad14)")
    (add_net "Net-(U8-Pad17)")
    (add_net "Net-(U8-Pad2)")
    (add_net "Net-(U8-Pad22)")
    (add_net "Net-(U8-Pad24)")
    (add_net "Net-(U8-Pad29)")
  )

  (module MRDT_Connectors:Anderson_3_Vertical_Side_by_Side (layer F.Cu) (tedit 5DD89709) (tstamp 5FB2BB01)
    (at 144.246 108.015 90)
    (path /5FBCB410)
    (fp_text reference Conn2 (at 17.363 6.426 90) (layer F.Fab)
      (effects (font (size 1 1) (thickness 0.15)))
    )
    (fp_text value AndersonPP (at 7.963 -4.474 270) (layer F.Fab) hide
      (effects (font (size 1 1) (thickness 0.15)))
    )
    (fp_line (start 3.963 4.826) (end -3.937 4.826) (layer F.SilkS) (width 0.15))
    (fp_line (start 3.963 -3.074) (end -3.937 -3.074) (layer F.SilkS) (width 0.15))
    (fp_text user GND (at 0 4.064 90) (layer F.SilkS)
      (effects (font (size 1 1) (thickness 0.15)))
    )
    (fp_line (start -3.937 -1.524) (end -4.445 -1.524) (layer F.SilkS) (width 0.15))
    (fp_line (start -4.445 3.048) (end -3.937 3.048) (layer F.SilkS) (width 0.15))
    (fp_line (start -4.445 -1.524) (end -4.445 3.048) (layer F.SilkS) (width 0.15))
    (fp_line (start -2.286 4.826) (end -2.286 5.334) (layer F.SilkS) (width 0.15))
    (fp_line (start -2.286 5.334) (end 2.286 5.334) (layer F.SilkS) (width 0.15))
    (fp_line (start 2.286 5.334) (end 2.286 4.826) (layer F.SilkS) (width 0.15))
    (fp_line (start -3.937 4.826) (end -3.937 -3.074) (layer F.SilkS) (width 0.15))
    (fp_line (start 3.4544 -1.524) (end 3.4544 3.048) (layer F.SilkS) (width 0.15))
    (fp_line (start 3.963 4.826) (end 3.963 -3.074) (layer F.SilkS) (width 0.15))
    (fp_line (start 3.4544 3.048) (end 3.9624 3.048) (layer F.SilkS) (width 0.15))
    (fp_line (start 3.9624 -1.524) (end 3.4544 -1.524) (layer F.SilkS) (width 0.15))
    (fp_line (start 5.591 4.826) (end 5.591 5.334) (layer F.SilkS) (width 0.15))
    (fp_line (start 11.863 -3.074) (end 3.963 -3.074) (layer F.SilkS) (width 0.15))
    (fp_line (start 5.591 5.334) (end 10.163 5.334) (layer F.SilkS) (width 0.15))
    (fp_line (start 10.163 5.334) (end 10.163 4.826) (layer F.SilkS) (width 0.15))
    (fp_line (start 11.355 3.048) (end 11.863 3.048) (layer F.SilkS) (width 0.15))
    (fp_line (start 11.863 -1.524) (end 11.355 -1.524) (layer F.SilkS) (width 0.15))
    (fp_line (start 11.863 4.826) (end 3.963 4.826) (layer F.SilkS) (width 0.15))
    (fp_line (start 11.863 4.826) (end 11.863 -3.074) (layer F.SilkS) (width 0.15))
    (fp_line (start 11.355 -1.524) (end 11.355 3.048) (layer F.SilkS) (width 0.15))
    (fp_text user LOG (at 7.912 4.064 90) (layer F.SilkS)
      (effects (font (size 1 1) (thickness 0.15)))
    )
    (fp_line (start 13.491 4.826) (end 13.491 5.334) (layer F.SilkS) (width 0.15))
    (fp_line (start 18.063 5.334) (end 18.063 4.826) (layer F.SilkS) (width 0.15))
    (fp_line (start 19.763 4.826) (end 11.863 4.826) (layer F.SilkS) (width 0.15))
    (fp_line (start 19.763 -1.524) (end 19.255 -1.524) (layer F.SilkS) (width 0.15))
    (fp_line (start 19.763 4.826) (end 19.763 -3.074) (layer F.SilkS) (width 0.15))
    (fp_line (start 13.491 5.334) (end 18.063 5.334) (layer F.SilkS) (width 0.15))
    (fp_line (start 19.255 3.048) (end 19.763 3.048) (layer F.SilkS) (width 0.15))
    (fp_line (start 19.255 -1.524) (end 19.255 3.048) (layer F.SilkS) (width 0.15))
    (fp_line (start 19.763 -3.074) (end 11.863 -3.074) (layer F.SilkS) (width 0.15))
    (fp_text user ACT (at 15.812 4.064 90) (layer F.SilkS)
      (effects (font (size 1 1) (thickness 0.15)))
    )
    (pad 1 thru_hole circle (at 0.013 0.026) (size 5.08 5.08) (drill 4.104006) (layers *.Cu *.Mask)
      (net 2 GND))
    (pad 2 thru_hole circle (at 7.913 0.026) (size 5.08 5.08) (drill 4.104006) (layers *.Cu *.Mask)
      (net 1 /Power/12V))
    (pad 3 thru_hole circle (at 15.813 0.026) (size 5.08 5.08) (drill 4.104006) (layers *.Cu *.Mask)
      (net 10 +12VA))
    (model "${MRDT_KICAD_LIBRARIES}/3D Files/MRDT_Connctors/Anderson_3_Vertcal_Side_by_Side.stp"
      (offset (xyz 19.68499970436096 1.904999971389771 0))
      (scale (xyz 1 1 1))
      (rotate (xyz 0 90 -90))
    )
  )

  (module Diode_SMD:D_0603_1608Metric_Pad1.05x0.95mm_HandSolder (layer F.Cu) (tedit 5B4B45C8) (tstamp 5FB09A0C)
    (at 51.675 116.586 180)
    (descr "Diode SMD 0603 (1608 Metric), square (rectangular) end terminal, IPC_7351 nominal, (Body size source: http://www.tortai-tech.com/upload/download/2011102023233369053.pdf), generated with kicad-footprint-generator")
    (tags "diode handsolder")
    (path /5F7148FA/5FA34AD5/5FA5B779)
    (attr smd)
    (fp_text reference D7 (at -2.935 0) (layer F.SilkS)
      (effects (font (size 1 1) (thickness 0.15)))
    )
    (fp_text value D_Zener_Small (at 0 1.43) (layer F.Fab)
      (effects (font (size 1 1) (thickness 0.15)))
    )
    (fp_text user %R (at 0 0) (layer F.Fab)
      (effects (font (size 0.4 0.4) (thickness 0.06)))
    )
    (fp_line (start 1.65 0.73) (end -1.65 0.73) (layer F.CrtYd) (width 0.05))
    (fp_line (start 1.65 -0.73) (end 1.65 0.73) (layer F.CrtYd) (width 0.05))
    (fp_line (start -1.65 -0.73) (end 1.65 -0.73) (layer F.CrtYd) (width 0.05))
    (fp_line (start -1.65 0.73) (end -1.65 -0.73) (layer F.CrtYd) (width 0.05))
    (fp_line (start -1.66 0.735) (end 0.8 0.735) (layer F.SilkS) (width 0.12))
    (fp_line (start -1.66 -0.735) (end -1.66 0.735) (layer F.SilkS) (width 0.12))
    (fp_line (start 0.8 -0.735) (end -1.66 -0.735) (layer F.SilkS) (width 0.12))
    (fp_line (start 0.8 0.4) (end 0.8 -0.4) (layer F.Fab) (width 0.1))
    (fp_line (start -0.8 0.4) (end 0.8 0.4) (layer F.Fab) (width 0.1))
    (fp_line (start -0.8 -0.1) (end -0.8 0.4) (layer F.Fab) (width 0.1))
    (fp_line (start -0.5 -0.4) (end -0.8 -0.1) (layer F.Fab) (width 0.1))
    (fp_line (start 0.8 -0.4) (end -0.5 -0.4) (layer F.Fab) (width 0.1))
    (pad 2 smd roundrect (at 0.875 0 180) (size 1.05 0.95) (layers F.Cu F.Paste F.Mask) (roundrect_rratio 0.25)
      (net 2 GND))
    (pad 1 smd roundrect (at -0.875 0 180) (size 1.05 0.95) (layers F.Cu F.Paste F.Mask) (roundrect_rratio 0.25)
      (net 4 "/Tiva/Motor Driver 2/Current_Sense_2"))
    (model ${KISYS3DMOD}/Diode_SMD.3dshapes/D_0603_1608Metric.wrl
      (at (xyz 0 0 0))
      (scale (xyz 1 1 1))
      (rotate (xyz 0 0 0))
    )
  )

  (module Capacitor_SMD:C_0603_1608Metric_Pad1.05x0.95mm_HandSolder (layer F.Cu) (tedit 5B301BBE) (tstamp 5FB099DA)
    (at 51.675 118.364)
    (descr "Capacitor SMD 0603 (1608 Metric), square (rectangular) end terminal, IPC_7351 nominal with elongated pad for handsoldering. (Body size source: http://www.tortai-tech.com/upload/download/2011102023233369053.pdf), generated with kicad-footprint-generator")
    (tags "capacitor handsolder")
    (path /5F7148FA/5FA34AD5/5FA5B773)
    (attr smd)
    (fp_text reference C3 (at 2.907 0) (layer F.SilkS)
      (effects (font (size 1 1) (thickness 0.15)))
    )
    (fp_text value 33nF (at 0 1.43) (layer F.Fab)
      (effects (font (size 1 1) (thickness 0.15)))
    )
    (fp_line (start -0.8 0.4) (end -0.8 -0.4) (layer F.Fab) (width 0.1))
    (fp_line (start -0.8 -0.4) (end 0.8 -0.4) (layer F.Fab) (width 0.1))
    (fp_line (start 0.8 -0.4) (end 0.8 0.4) (layer F.Fab) (width 0.1))
    (fp_line (start 0.8 0.4) (end -0.8 0.4) (layer F.Fab) (width 0.1))
    (fp_line (start -0.171267 -0.51) (end 0.171267 -0.51) (layer F.SilkS) (width 0.12))
    (fp_line (start -0.171267 0.51) (end 0.171267 0.51) (layer F.SilkS) (width 0.12))
    (fp_line (start -1.65 0.73) (end -1.65 -0.73) (layer F.CrtYd) (width 0.05))
    (fp_line (start -1.65 -0.73) (end 1.65 -0.73) (layer F.CrtYd) (width 0.05))
    (fp_line (start 1.65 -0.73) (end 1.65 0.73) (layer F.CrtYd) (width 0.05))
    (fp_line (start 1.65 0.73) (end -1.65 0.73) (layer F.CrtYd) (width 0.05))
    (fp_text user %R (at 0 0) (layer F.Fab)
      (effects (font (size 0.4 0.4) (thickness 0.06)))
    )
    (pad 1 smd roundrect (at -0.875 0) (size 1.05 0.95) (layers F.Cu F.Paste F.Mask) (roundrect_rratio 0.25)
      (net 2 GND))
    (pad 2 smd roundrect (at 0.875 0) (size 1.05 0.95) (layers F.Cu F.Paste F.Mask) (roundrect_rratio 0.25)
      (net 4 "/Tiva/Motor Driver 2/Current_Sense_2"))
    (model ${KISYS3DMOD}/Capacitor_SMD.3dshapes/C_0603_1608Metric.wrl
      (at (xyz 0 0 0))
      (scale (xyz 1 1 1))
      (rotate (xyz 0 0 0))
    )
  )

  (module Resistor_SMD:R_0603_1608Metric_Pad1.05x0.95mm_HandSolder (layer F.Cu) (tedit 5B301BBD) (tstamp 5FB099AA)
    (at 51.675 121.92)
    (descr "Resistor SMD 0603 (1608 Metric), square (rectangular) end terminal, IPC_7351 nominal with elongated pad for handsoldering. (Body size source: http://www.tortai-tech.com/upload/download/2011102023233369053.pdf), generated with kicad-footprint-generator")
    (tags "resistor handsolder")
    (path /5F7148FA/5FA34AD5/5FA5B76D)
    (attr smd)
    (fp_text reference R7 (at 2.907 0) (layer F.SilkS)
      (effects (font (size 1 1) (thickness 0.15)))
    )
    (fp_text value 1k (at 0 1.43) (layer F.Fab)
      (effects (font (size 1 1) (thickness 0.15)))
    )
    (fp_text user %R (at 0 0) (layer F.Fab)
      (effects (font (size 0.4 0.4) (thickness 0.06)))
    )
    (fp_line (start 1.65 0.73) (end -1.65 0.73) (layer F.CrtYd) (width 0.05))
    (fp_line (start 1.65 -0.73) (end 1.65 0.73) (layer F.CrtYd) (width 0.05))
    (fp_line (start -1.65 -0.73) (end 1.65 -0.73) (layer F.CrtYd) (width 0.05))
    (fp_line (start -1.65 0.73) (end -1.65 -0.73) (layer F.CrtYd) (width 0.05))
    (fp_line (start -0.171267 0.51) (end 0.171267 0.51) (layer F.SilkS) (width 0.12))
    (fp_line (start -0.171267 -0.51) (end 0.171267 -0.51) (layer F.SilkS) (width 0.12))
    (fp_line (start 0.8 0.4) (end -0.8 0.4) (layer F.Fab) (width 0.1))
    (fp_line (start 0.8 -0.4) (end 0.8 0.4) (layer F.Fab) (width 0.1))
    (fp_line (start -0.8 -0.4) (end 0.8 -0.4) (layer F.Fab) (width 0.1))
    (fp_line (start -0.8 0.4) (end -0.8 -0.4) (layer F.Fab) (width 0.1))
    (pad 2 smd roundrect (at 0.875 0) (size 1.05 0.95) (layers F.Cu F.Paste F.Mask) (roundrect_rratio 0.25)
      (net 2 GND))
    (pad 1 smd roundrect (at -0.875 0) (size 1.05 0.95) (layers F.Cu F.Paste F.Mask) (roundrect_rratio 0.25)
      (net 47 "Net-(R6-Pad1)"))
    (model ${KISYS3DMOD}/Resistor_SMD.3dshapes/R_0603_1608Metric.wrl
      (at (xyz 0 0 0))
      (scale (xyz 1 1 1))
      (rotate (xyz 0 0 0))
    )
  )

  (module Resistor_SMD:R_0603_1608Metric_Pad1.05x0.95mm_HandSolder (layer F.Cu) (tedit 5B301BBD) (tstamp 5FB0997A)
    (at 51.675 120.142)
    (descr "Resistor SMD 0603 (1608 Metric), square (rectangular) end terminal, IPC_7351 nominal with elongated pad for handsoldering. (Body size source: http://www.tortai-tech.com/upload/download/2011102023233369053.pdf), generated with kicad-footprint-generator")
    (tags "resistor handsolder")
    (path /5F7148FA/5FA34AD5/5FA5B77F)
    (attr smd)
    (fp_text reference R6 (at 2.907 0) (layer F.SilkS)
      (effects (font (size 1 1) (thickness 0.15)))
    )
    (fp_text value 10k (at 0 1.43) (layer F.Fab)
      (effects (font (size 1 1) (thickness 0.15)))
    )
    (fp_line (start -0.8 0.4) (end -0.8 -0.4) (layer F.Fab) (width 0.1))
    (fp_line (start -0.8 -0.4) (end 0.8 -0.4) (layer F.Fab) (width 0.1))
    (fp_line (start 0.8 -0.4) (end 0.8 0.4) (layer F.Fab) (width 0.1))
    (fp_line (start 0.8 0.4) (end -0.8 0.4) (layer F.Fab) (width 0.1))
    (fp_line (start -0.171267 -0.51) (end 0.171267 -0.51) (layer F.SilkS) (width 0.12))
    (fp_line (start -0.171267 0.51) (end 0.171267 0.51) (layer F.SilkS) (width 0.12))
    (fp_line (start -1.65 0.73) (end -1.65 -0.73) (layer F.CrtYd) (width 0.05))
    (fp_line (start -1.65 -0.73) (end 1.65 -0.73) (layer F.CrtYd) (width 0.05))
    (fp_line (start 1.65 -0.73) (end 1.65 0.73) (layer F.CrtYd) (width 0.05))
    (fp_line (start 1.65 0.73) (end -1.65 0.73) (layer F.CrtYd) (width 0.05))
    (fp_text user %R (at 0 0) (layer F.Fab)
      (effects (font (size 0.4 0.4) (thickness 0.06)))
    )
    (pad 1 smd roundrect (at -0.875 0) (size 1.05 0.95) (layers F.Cu F.Paste F.Mask) (roundrect_rratio 0.25)
      (net 47 "Net-(R6-Pad1)"))
    (pad 2 smd roundrect (at 0.875 0) (size 1.05 0.95) (layers F.Cu F.Paste F.Mask) (roundrect_rratio 0.25)
      (net 4 "/Tiva/Motor Driver 2/Current_Sense_2"))
    (model ${KISYS3DMOD}/Resistor_SMD.3dshapes/R_0603_1608Metric.wrl
      (at (xyz 0 0 0))
      (scale (xyz 1 1 1))
      (rotate (xyz 0 0 0))
    )
  )

  (module Resistor_SMD:R_0603_1608Metric_Pad1.05x0.95mm_HandSolder (layer F.Cu) (tedit 5B301BBD) (tstamp 5FADABD2)
    (at 59.69 78.853 270)
    (descr "Resistor SMD 0603 (1608 Metric), square (rectangular) end terminal, IPC_7351 nominal with elongated pad for handsoldering. (Body size source: http://www.tortai-tech.com/upload/download/2011102023233369053.pdf), generated with kicad-footprint-generator")
    (tags "resistor handsolder")
    (path /5F7148FA/5FA34AD5/5FA5B7B8)
    (attr smd)
    (fp_text reference R8 (at 2.681 0 90) (layer F.SilkS)
      (effects (font (size 1 1) (thickness 0.15)))
    )
    (fp_text value 1k (at 0 1.43 90) (layer F.Fab)
      (effects (font (size 1 1) (thickness 0.15)))
    )
    (fp_text user %R (at 0 0 90) (layer F.Fab)
      (effects (font (size 0.4 0.4) (thickness 0.06)))
    )
    (fp_line (start 1.65 0.73) (end -1.65 0.73) (layer F.CrtYd) (width 0.05))
    (fp_line (start 1.65 -0.73) (end 1.65 0.73) (layer F.CrtYd) (width 0.05))
    (fp_line (start -1.65 -0.73) (end 1.65 -0.73) (layer F.CrtYd) (width 0.05))
    (fp_line (start -1.65 0.73) (end -1.65 -0.73) (layer F.CrtYd) (width 0.05))
    (fp_line (start -0.171267 0.51) (end 0.171267 0.51) (layer F.SilkS) (width 0.12))
    (fp_line (start -0.171267 -0.51) (end 0.171267 -0.51) (layer F.SilkS) (width 0.12))
    (fp_line (start 0.8 0.4) (end -0.8 0.4) (layer F.Fab) (width 0.1))
    (fp_line (start 0.8 -0.4) (end 0.8 0.4) (layer F.Fab) (width 0.1))
    (fp_line (start -0.8 -0.4) (end 0.8 -0.4) (layer F.Fab) (width 0.1))
    (fp_line (start -0.8 0.4) (end -0.8 -0.4) (layer F.Fab) (width 0.1))
    (pad 2 smd roundrect (at 0.875 0 270) (size 1.05 0.95) (layers F.Cu F.Paste F.Mask) (roundrect_rratio 0.25)
      (net 48 "/Tiva/Motor Driver 2/In_A_2"))
    (pad 1 smd roundrect (at -0.875 0 270) (size 1.05 0.95) (layers F.Cu F.Paste F.Mask) (roundrect_rratio 0.25)
      (net 49 "Net-(R8-Pad1)"))
    (model ${KISYS3DMOD}/Resistor_SMD.3dshapes/R_0603_1608Metric.wrl
      (at (xyz 0 0 0))
      (scale (xyz 1 1 1))
      (rotate (xyz 0 0 0))
    )
  )

  (module Capacitor_SMD:C_0603_1608Metric_Pad1.05x0.95mm_HandSolder (layer F.Cu) (tedit 5B301BBE) (tstamp 5FADA7B6)
    (at 60.339 118.364)
    (descr "Capacitor SMD 0603 (1608 Metric), square (rectangular) end terminal, IPC_7351 nominal with elongated pad for handsoldering. (Body size source: http://www.tortai-tech.com/upload/download/2011102023233369053.pdf), generated with kicad-footprint-generator")
    (tags "capacitor handsolder")
    (path /5F7148FA/5FA34AD7/5FA7B7E5)
    (attr smd)
    (fp_text reference C4 (at 2.653 0) (layer F.SilkS)
      (effects (font (size 1 1) (thickness 0.15)))
    )
    (fp_text value 33nF (at 0 1.43) (layer F.Fab)
      (effects (font (size 1 1) (thickness 0.15)))
    )
    (fp_text user %R (at 0 0) (layer F.Fab)
      (effects (font (size 0.4 0.4) (thickness 0.06)))
    )
    (fp_line (start 1.65 0.73) (end -1.65 0.73) (layer F.CrtYd) (width 0.05))
    (fp_line (start 1.65 -0.73) (end 1.65 0.73) (layer F.CrtYd) (width 0.05))
    (fp_line (start -1.65 -0.73) (end 1.65 -0.73) (layer F.CrtYd) (width 0.05))
    (fp_line (start -1.65 0.73) (end -1.65 -0.73) (layer F.CrtYd) (width 0.05))
    (fp_line (start -0.171267 0.51) (end 0.171267 0.51) (layer F.SilkS) (width 0.12))
    (fp_line (start -0.171267 -0.51) (end 0.171267 -0.51) (layer F.SilkS) (width 0.12))
    (fp_line (start 0.8 0.4) (end -0.8 0.4) (layer F.Fab) (width 0.1))
    (fp_line (start 0.8 -0.4) (end 0.8 0.4) (layer F.Fab) (width 0.1))
    (fp_line (start -0.8 -0.4) (end 0.8 -0.4) (layer F.Fab) (width 0.1))
    (fp_line (start -0.8 0.4) (end -0.8 -0.4) (layer F.Fab) (width 0.1))
    (pad 2 smd roundrect (at 0.875 0) (size 1.05 0.95) (layers F.Cu F.Paste F.Mask) (roundrect_rratio 0.25)
      (net 5 "/Tiva/Motor Driver 3/Current_Sense_3"))
    (pad 1 smd roundrect (at -0.875 0) (size 1.05 0.95) (layers F.Cu F.Paste F.Mask) (roundrect_rratio 0.25)
      (net 2 GND))
    (model ${KISYS3DMOD}/Capacitor_SMD.3dshapes/C_0603_1608Metric.wrl
      (at (xyz 0 0 0))
      (scale (xyz 1 1 1))
      (rotate (xyz 0 0 0))
    )
  )

  (module Capacitor_SMD:C_0603_1608Metric_Pad1.05x0.95mm_HandSolder (layer F.Cu) (tedit 5B301BBE) (tstamp 5FADA7C7)
    (at 69.483 118.364)
    (descr "Capacitor SMD 0603 (1608 Metric), square (rectangular) end terminal, IPC_7351 nominal with elongated pad for handsoldering. (Body size source: http://www.tortai-tech.com/upload/download/2011102023233369053.pdf), generated with kicad-footprint-generator")
    (tags "capacitor handsolder")
    (path /5F7148FA/5FA34AD9/5FA9782E)
    (attr smd)
    (fp_text reference C5 (at 2.907 0) (layer F.SilkS)
      (effects (font (size 1 1) (thickness 0.15)))
    )
    (fp_text value 33nF (at 0 1.43) (layer F.Fab)
      (effects (font (size 1 1) (thickness 0.15)))
    )
    (fp_line (start -0.8 0.4) (end -0.8 -0.4) (layer F.Fab) (width 0.1))
    (fp_line (start -0.8 -0.4) (end 0.8 -0.4) (layer F.Fab) (width 0.1))
    (fp_line (start 0.8 -0.4) (end 0.8 0.4) (layer F.Fab) (width 0.1))
    (fp_line (start 0.8 0.4) (end -0.8 0.4) (layer F.Fab) (width 0.1))
    (fp_line (start -0.171267 -0.51) (end 0.171267 -0.51) (layer F.SilkS) (width 0.12))
    (fp_line (start -0.171267 0.51) (end 0.171267 0.51) (layer F.SilkS) (width 0.12))
    (fp_line (start -1.65 0.73) (end -1.65 -0.73) (layer F.CrtYd) (width 0.05))
    (fp_line (start -1.65 -0.73) (end 1.65 -0.73) (layer F.CrtYd) (width 0.05))
    (fp_line (start 1.65 -0.73) (end 1.65 0.73) (layer F.CrtYd) (width 0.05))
    (fp_line (start 1.65 0.73) (end -1.65 0.73) (layer F.CrtYd) (width 0.05))
    (fp_text user %R (at 0 0) (layer F.Fab)
      (effects (font (size 0.4 0.4) (thickness 0.06)))
    )
    (pad 1 smd roundrect (at -0.875 0) (size 1.05 0.95) (layers F.Cu F.Paste F.Mask) (roundrect_rratio 0.25)
      (net 2 GND))
    (pad 2 smd roundrect (at 0.875 0) (size 1.05 0.95) (layers F.Cu F.Paste F.Mask) (roundrect_rratio 0.25)
      (net 6 "/Tiva/Motor Driver 4/Current_Sense_4"))
    (model ${KISYS3DMOD}/Capacitor_SMD.3dshapes/C_0603_1608Metric.wrl
      (at (xyz 0 0 0))
      (scale (xyz 1 1 1))
      (rotate (xyz 0 0 0))
    )
  )

  (module Capacitor_SMD:C_0603_1608Metric_Pad1.05x0.95mm_HandSolder (layer F.Cu) (tedit 5B301BBE) (tstamp 5FADA7D8)
    (at 79.389 118.491)
    (descr "Capacitor SMD 0603 (1608 Metric), square (rectangular) end terminal, IPC_7351 nominal with elongated pad for handsoldering. (Body size source: http://www.tortai-tech.com/upload/download/2011102023233369053.pdf), generated with kicad-footprint-generator")
    (tags "capacitor handsolder")
    (path /5F7148FA/5FA34ADB/5FAB35F7)
    (attr smd)
    (fp_text reference C6 (at 2.907 0) (layer F.SilkS)
      (effects (font (size 1 1) (thickness 0.15)))
    )
    (fp_text value 33nF (at 0 1.43) (layer F.Fab)
      (effects (font (size 1 1) (thickness 0.15)))
    )
    (fp_line (start -0.8 0.4) (end -0.8 -0.4) (layer F.Fab) (width 0.1))
    (fp_line (start -0.8 -0.4) (end 0.8 -0.4) (layer F.Fab) (width 0.1))
    (fp_line (start 0.8 -0.4) (end 0.8 0.4) (layer F.Fab) (width 0.1))
    (fp_line (start 0.8 0.4) (end -0.8 0.4) (layer F.Fab) (width 0.1))
    (fp_line (start -0.171267 -0.51) (end 0.171267 -0.51) (layer F.SilkS) (width 0.12))
    (fp_line (start -0.171267 0.51) (end 0.171267 0.51) (layer F.SilkS) (width 0.12))
    (fp_line (start -1.65 0.73) (end -1.65 -0.73) (layer F.CrtYd) (width 0.05))
    (fp_line (start -1.65 -0.73) (end 1.65 -0.73) (layer F.CrtYd) (width 0.05))
    (fp_line (start 1.65 -0.73) (end 1.65 0.73) (layer F.CrtYd) (width 0.05))
    (fp_line (start 1.65 0.73) (end -1.65 0.73) (layer F.CrtYd) (width 0.05))
    (fp_text user %R (at 0 0) (layer F.Fab)
      (effects (font (size 0.4 0.4) (thickness 0.06)))
    )
    (pad 1 smd roundrect (at -0.875 0) (size 1.05 0.95) (layers F.Cu F.Paste F.Mask) (roundrect_rratio 0.25)
      (net 2 GND))
    (pad 2 smd roundrect (at 0.875 0) (size 1.05 0.95) (layers F.Cu F.Paste F.Mask) (roundrect_rratio 0.25)
      (net 7 "/Tiva/Motor Driver 5/Current_Sense_5"))
    (model ${KISYS3DMOD}/Capacitor_SMD.3dshapes/C_0603_1608Metric.wrl
      (at (xyz 0 0 0))
      (scale (xyz 1 1 1))
      (rotate (xyz 0 0 0))
    )
  )

  (module Capacitor_SMD:C_0603_1608Metric_Pad1.05x0.95mm_HandSolder (layer F.Cu) (tedit 5B301BBE) (tstamp 5FC005F0)
    (at 88.279 118.364)
    (descr "Capacitor SMD 0603 (1608 Metric), square (rectangular) end terminal, IPC_7351 nominal with elongated pad for handsoldering. (Body size source: http://www.tortai-tech.com/upload/download/2011102023233369053.pdf), generated with kicad-footprint-generator")
    (tags "capacitor handsolder")
    (path /5F7148FA/5FA34ADD/5FACB54C)
    (attr smd)
    (fp_text reference C7 (at 3.161 0) (layer F.SilkS)
      (effects (font (size 1 1) (thickness 0.15)))
    )
    (fp_text value 33nF (at 0 1.43) (layer F.Fab)
      (effects (font (size 1 1) (thickness 0.15)))
    )
    (fp_text user %R (at 0 0) (layer F.Fab)
      (effects (font (size 0.4 0.4) (thickness 0.06)))
    )
    (fp_line (start 1.65 0.73) (end -1.65 0.73) (layer F.CrtYd) (width 0.05))
    (fp_line (start 1.65 -0.73) (end 1.65 0.73) (layer F.CrtYd) (width 0.05))
    (fp_line (start -1.65 -0.73) (end 1.65 -0.73) (layer F.CrtYd) (width 0.05))
    (fp_line (start -1.65 0.73) (end -1.65 -0.73) (layer F.CrtYd) (width 0.05))
    (fp_line (start -0.171267 0.51) (end 0.171267 0.51) (layer F.SilkS) (width 0.12))
    (fp_line (start -0.171267 -0.51) (end 0.171267 -0.51) (layer F.SilkS) (width 0.12))
    (fp_line (start 0.8 0.4) (end -0.8 0.4) (layer F.Fab) (width 0.1))
    (fp_line (start 0.8 -0.4) (end 0.8 0.4) (layer F.Fab) (width 0.1))
    (fp_line (start -0.8 -0.4) (end 0.8 -0.4) (layer F.Fab) (width 0.1))
    (fp_line (start -0.8 0.4) (end -0.8 -0.4) (layer F.Fab) (width 0.1))
    (pad 2 smd roundrect (at 0.875 0) (size 1.05 0.95) (layers F.Cu F.Paste F.Mask) (roundrect_rratio 0.25)
      (net 8 "/Tiva/Motor Driver 6/Current_Sense_6"))
    (pad 1 smd roundrect (at -0.875 0) (size 1.05 0.95) (layers F.Cu F.Paste F.Mask) (roundrect_rratio 0.25)
      (net 2 GND))
    (model ${KISYS3DMOD}/Capacitor_SMD.3dshapes/C_0603_1608Metric.wrl
      (at (xyz 0 0 0))
      (scale (xyz 1 1 1))
      (rotate (xyz 0 0 0))
    )
  )

  (module Capacitor_SMD:C_0603_1608Metric_Pad1.05x0.95mm_HandSolder (layer F.Cu) (tedit 5B301BBE) (tstamp 5FB00B00)
    (at 41.67 118.364)
    (descr "Capacitor SMD 0603 (1608 Metric), square (rectangular) end terminal, IPC_7351 nominal with elongated pad for handsoldering. (Body size source: http://www.tortai-tech.com/upload/download/2011102023233369053.pdf), generated with kicad-footprint-generator")
    (tags "capacitor handsolder")
    (path /5F7148FA/5FA34AD3/5FA3488C)
    (attr smd)
    (fp_text reference C8 (at 2.907 0) (layer F.SilkS)
      (effects (font (size 1 1) (thickness 0.15)))
    )
    (fp_text value 33nF (at 0 1.43) (layer F.Fab)
      (effects (font (size 1 1) (thickness 0.15)))
    )
    (fp_line (start -0.8 0.4) (end -0.8 -0.4) (layer F.Fab) (width 0.1))
    (fp_line (start -0.8 -0.4) (end 0.8 -0.4) (layer F.Fab) (width 0.1))
    (fp_line (start 0.8 -0.4) (end 0.8 0.4) (layer F.Fab) (width 0.1))
    (fp_line (start 0.8 0.4) (end -0.8 0.4) (layer F.Fab) (width 0.1))
    (fp_line (start -0.171267 -0.51) (end 0.171267 -0.51) (layer F.SilkS) (width 0.12))
    (fp_line (start -0.171267 0.51) (end 0.171267 0.51) (layer F.SilkS) (width 0.12))
    (fp_line (start -1.65 0.73) (end -1.65 -0.73) (layer F.CrtYd) (width 0.05))
    (fp_line (start -1.65 -0.73) (end 1.65 -0.73) (layer F.CrtYd) (width 0.05))
    (fp_line (start 1.65 -0.73) (end 1.65 0.73) (layer F.CrtYd) (width 0.05))
    (fp_line (start 1.65 0.73) (end -1.65 0.73) (layer F.CrtYd) (width 0.05))
    (fp_text user %R (at 0 0) (layer F.Fab)
      (effects (font (size 0.4 0.4) (thickness 0.06)))
    )
    (pad 1 smd roundrect (at -0.875 0) (size 1.05 0.95) (layers F.Cu F.Paste F.Mask) (roundrect_rratio 0.25)
      (net 2 GND))
    (pad 2 smd roundrect (at 0.875 0) (size 1.05 0.95) (layers F.Cu F.Paste F.Mask) (roundrect_rratio 0.25)
      (net 9 "/Tiva/Motor Driver 1/Current_Sense_1"))
    (model ${KISYS3DMOD}/Capacitor_SMD.3dshapes/C_0603_1608Metric.wrl
      (at (xyz 0 0 0))
      (scale (xyz 1 1 1))
      (rotate (xyz 0 0 0))
    )
  )

  (module MRDT_Connectors:Anderson_3_Vertical_Side_by_Side (layer F.Cu) (tedit 5DD89709) (tstamp 5FADA823)
    (at 153.136 108.015 90)
    (path /5F8E3C0A)
    (fp_text reference Conn1 (at 17.363 6.426 90) (layer F.Fab)
      (effects (font (size 1 1) (thickness 0.15)))
    )
    (fp_text value AndersonPP (at 7.963 -4.474 270) (layer F.Fab) hide
      (effects (font (size 1 1) (thickness 0.15)))
    )
    (fp_line (start 3.963 4.826) (end -3.937 4.826) (layer F.SilkS) (width 0.15))
    (fp_line (start 3.963 -3.074) (end -3.937 -3.074) (layer F.SilkS) (width 0.15))
    (fp_text user GND (at 0 4.064 90) (layer F.SilkS)
      (effects (font (size 1 1) (thickness 0.15)))
    )
    (fp_line (start -3.937 -1.524) (end -4.445 -1.524) (layer F.SilkS) (width 0.15))
    (fp_line (start -4.445 3.048) (end -3.937 3.048) (layer F.SilkS) (width 0.15))
