(kicad_pcb (version 20171130) (host pcbnew "(5.1.4)-1")

  (general
    (thickness 1.6)
    (drawings 0)
    (tracks 0)
    (zones 0)
    (modules 121)
    (nets 191)
  )

  (page A4)
  (layers
    (0 F.Cu signal)
    (31 B.Cu signal)
    (32 B.Adhes user)
    (33 F.Adhes user)
    (34 B.Paste user)
    (35 F.Paste user)
    (36 B.SilkS user)
    (37 F.SilkS user)
    (38 B.Mask user)
    (39 F.Mask user)
    (40 Dwgs.User user)
    (41 Cmts.User user)
    (42 Eco1.User user)
    (43 Eco2.User user)
    (44 Edge.Cuts user)
    (45 Margin user)
    (46 B.CrtYd user)
    (47 F.CrtYd user)
    (48 B.Fab user hide)
    (49 F.Fab user hide)
  )

  (setup
    (last_trace_width 0.25)
    (user_trace_width 0.254)
    (user_trace_width 0.508)
    (user_trace_width 0.762)
    (user_trace_width 1.016)
    (user_trace_width 1.27)
    (user_trace_width 2.54)
    (trace_clearance 0.2)
    (zone_clearance 0.508)
    (zone_45_only no)
    (trace_min 0.2)
    (via_size 0.8)
    (via_drill 0.4)
    (via_min_size 0.4)
    (via_min_drill 0.3)
    (uvia_size 0.3)
    (uvia_drill 0.1)
    (uvias_allowed no)
    (uvia_min_size 0.2)
    (uvia_min_drill 0.1)
    (edge_width 0.05)
    (segment_width 0.2)
    (pcb_text_width 0.3)
    (pcb_text_size 1.5 1.5)
    (mod_edge_width 0.12)
    (mod_text_size 1 1)
    (mod_text_width 0.15)
    (pad_size 1.524 1.524)
    (pad_drill 0.762)
    (pad_to_mask_clearance 0.051)
    (solder_mask_min_width 0.25)
    (aux_axis_origin 0 0)
    (visible_elements FFFFF77F)
    (pcbplotparams
      (layerselection 0x010fc_ffffffff)
      (usegerberextensions false)
      (usegerberattributes false)
      (usegerberadvancedattributes false)
      (creategerberjobfile false)
      (excludeedgelayer true)
      (linewidth 0.100000)
      (plotframeref false)
      (viasonmask false)
      (mode 1)
      (useauxorigin false)
      (hpglpennumber 1)
      (hpglpenspeed 20)
      (hpglpendiameter 15.000000)
      (psnegative false)
      (psa4output false)
      (plotreference true)
      (plotvalue true)
      (plotinvisibletext false)
      (padsonsilk false)
      (subtractmaskfromsilk false)
      (outputformat 1)
      (mirror false)
      (drillshape 1)
      (scaleselection 1)
      (outputdirectory ""))
  )

  (net 0 "")
  (net 1 /Power/12V)
  (net 2 GND)
  (net 3 /Power/3.3V)
  (net 4 "/Tiva/Motor Driver 2/Current_Sense_2")
  (net 5 "/Tiva/Motor Driver 3/Current_Sense_3")
  (net 6 "/Tiva/Motor Driver 4/Current_Sense_4")
  (net 7 "/Tiva/Motor Driver 5/Current_Sense_5")
  (net 8 "/Tiva/Motor Driver 6/Current_Sense_6")
  (net 9 "/Tiva/Motor Driver 1/Current_Sense_1")
  (net 10 +12VA)
  (net 11 "Net-(Conn2-Pad1)")
  (net 12 "Net-(Conn2-Pad2)")
  (net 13 "Net-(Conn3-Pad2)")
  (net 14 "Net-(Conn3-Pad1)")
  (net 15 "Net-(Conn4-Pad2)")
  (net 16 "Net-(Conn4-Pad1)")
  (net 17 "Net-(Conn5-Pad2)")
  (net 18 "Net-(Conn5-Pad1)")
  (net 19 "Net-(Conn6-Pad1)")
  (net 20 "Net-(Conn6-Pad2)")
  (net 21 "/Tiva/Limit Switches/Limit_Switch_1")
  (net 22 "/Tiva/Limit Switches/Limit_Switch_2")
  (net 23 "/Tiva/Limit Switches/Limit_Switch_3")
  (net 24 "/Tiva/Limit Switches/Limit_Switch_4")
  (net 25 "Net-(Conn11-Pad1)")
  (net 26 "Net-(Conn11-Pad2)")
  (net 27 "/Tiva/Absolute Encoders/Encoder_PWM_1")
  (net 28 "/Tiva/Absolute Encoders/Encoder_PWM_2")
  (net 29 "Net-(D1-Pad2)")
  (net 30 "Net-(D2-Pad2)")
  (net 31 "Net-(D3-Pad1)")
  (net 32 "Net-(D4-Pad1)")
  (net 33 "Net-(D5-Pad2)")
  (net 34 "Net-(D6-Pad2)")
  (net 35 "Net-(D8-Pad1)")
  (net 36 "Net-(D9-Pad1)")
  (net 37 "Net-(D11-Pad1)")
  (net 38 "Net-(D12-Pad1)")
  (net 39 "Net-(D14-Pad1)")
  (net 40 "Net-(D15-Pad1)")
  (net 41 "Net-(D17-Pad1)")
  (net 42 "Net-(D18-Pad1)")
  (net 43 "Net-(D20-Pad1)")
  (net 44 "Net-(D21-Pad1)")
  (net 45 "Net-(D22-Pad2)")
  (net 46 "Net-(D23-Pad2)")
  (net 47 "Net-(D24-Pad2)")
  (net 48 "Net-(D25-Pad2)")
  (net 49 "Net-(D27-Pad1)")
  (net 50 "Net-(D28-Pad1)")
  (net 51 "Net-(R4-Pad1)")
  (net 52 "Net-(R5-Pad1)")
  (net 53 "Net-(R6-Pad1)")
  (net 54 "/Tiva/Motor Driver 2/In_A_2")
  (net 55 "Net-(R8-Pad1)")
  (net 56 "Net-(R9-Pad1)")
  (net 57 "/Tiva/Motor Driver 2/PWM_2")
  (net 58 "Net-(R10-Pad1)")
  (net 59 "Net-(R11-Pad1)")
  (net 60 "Net-(R12-Pad1)")
  (net 61 "/Tiva/Motor Driver 2/In_B_2")
  (net 62 "Net-(R15-Pad1)")
  (net 63 "/Tiva/Motor Driver 3/In_A_3")
  (net 64 "Net-(R17-Pad1)")
  (net 65 "Net-(R18-Pad1)")
  (net 66 "/Tiva/Motor Driver 3/PWM_3")
  (net 67 "Net-(R19-Pad1)")
  (net 68 "Net-(R20-Pad1)")
  (net 69 "Net-(R21-Pad1)")
  (net 70 "/Tiva/Motor Driver 3/In_B_3")
  (net 71 "Net-(R24-Pad1)")
  (net 72 "Net-(R26-Pad1)")
  (net 73 "/Tiva/Motor Driver 4/In_A_4")
  (net 74 "Net-(R27-Pad1)")
  (net 75 "Net-(R28-Pad1)")
  (net 76 "/Tiva/Motor Driver 4/PWM_4")
  (net 77 "Net-(R29-Pad1)")
  (net 78 "/Tiva/Motor Driver 4/In_B_4")
  (net 79 "Net-(R30-Pad1)")
  (net 80 "Net-(R33-Pad1)")
  (net 81 "/Tiva/Motor Driver 5/In_A_5")
  (net 82 "Net-(R35-Pad1)")
  (net 83 "Net-(R36-Pad1)")
  (net 84 "Net-(R37-Pad1)")
  (net 85 "/Tiva/Motor Driver 5/PWM_5")
  (net 86 "Net-(R38-Pad1)")
  (net 87 "Net-(R39-Pad1)")
  (net 88 "/Tiva/Motor Driver 5/In_B_5")
  (net 89 "Net-(R42-Pad1)")
  (net 90 "Net-(R44-Pad1)")
  (net 91 "/Tiva/Motor Driver 6/In_A_6")
  (net 92 "Net-(R45-Pad1)")
  (net 93 "Net-(R46-Pad1)")
  (net 94 "/Tiva/Motor Driver 6/PWM_6")
  (net 95 "Net-(R47-Pad1)")
  (net 96 "Net-(R48-Pad1)")
  (net 97 "/Tiva/Motor Driver 6/In_B_6")
  (net 98 "Net-(R55-Pad1)")
  (net 99 "/Tiva/Motor Driver 1/In_A_1")
  (net 100 "Net-(R57-Pad1)")
  (net 101 "Net-(R58-Pad1)")
  (net 102 "Net-(R59-Pad1)")
  (net 103 "/Tiva/Motor Driver 1/PWM_1")
  (net 104 "Net-(R60-Pad1)")
  (net 105 "Net-(R61-Pad1)")
  (net 106 "/Tiva/Motor Driver 1/In_B_1")
  (net 107 "Net-(U2-PadPQ1)")
  (net 108 "Net-(U2-PadPQ2)")
  (net 109 "Net-(U2-PadPQ3)")
  (net 110 "Net-(U2-PadPA4)")
  (net 111 "Net-(U2-PadRese')")
  (net 112 "Net-(U2-PadPA7)")
  (net 113 "Net-(U2-Pad+5V')")
  (net 114 "Net-(U2-PadPA5)")
  (net 115 "Net-(U2-PadPD2)")
  (net 116 "Net-(U2-PadPP0)")
  (net 117 "Net-(U2-PadPP1)")
  (net 118 "Net-(U2-PadPM0)")
  (net 119 "Net-(U2-PadPH0)")
  (net 120 "Net-(U2-PadPH1)")
  (net 121 "Net-(U2-PadPK6)")
  (net 122 "Net-(U2-PadPK7)")
  (net 123 "Net-(U2-PadPM7)")
  (net 124 "Net-(U2-PadPP5)")
  (net 125 "Net-(U2-Pad+5V)")
  (net 126 "Net-(U2-PadPE0)")
  (net 127 "Net-(U2-PadPE1)")
  (net 128 "Net-(U2-PadPE2)")
  (net 129 "Net-(U2-PadPE3)")
  (net 130 "Net-(U2-PadPE4)")
  (net 131 "Net-(U2-PadPC4)")
  (net 132 "Net-(U2-PadPC5)")
  (net 133 "Net-(U2-PadPG0)")
  (net 134 "Net-(U2-PadPL4)")
  (net 135 "Net-(U2-PadPL5)")
  (net 136 "Net-(U2-PadPL0)")
  (net 137 "Net-(U2-PadPL1)")
  (net 138 "Net-(U2-PadPL2)")
  (net 139 "Net-(U2-PadPL3)")
  (net 140 "Net-(U2-PadPM3)")
  (net 141 "Net-(U2-PadPH2)")
  (net 142 "Net-(U2-PadPH3)")
  (net 143 "Net-(U2-PadRese)")
  (net 144 "Net-(U2-PadPD1)")
  (net 145 "Net-(U2-PadPD0)")
  (net 146 "Net-(U2-PadPN2)")
  (net 147 "Net-(U2-PadPN3)")
  (net 148 "Net-(U2-PadPP2)")
  (net 149 "Net-(U3-Pad2)")
  (net 150 "Net-(U3-Pad11)")
  (net 151 "Net-(U3-Pad14)")
  (net 152 "Net-(U3-Pad17)")
  (net 153 "Net-(U3-Pad22)")
  (net 154 "Net-(U3-Pad24)")
  (net 155 "Net-(U3-Pad29)")
  (net 156 "Net-(U4-Pad29)")
  (net 157 "Net-(U4-Pad24)")
  (net 158 "Net-(U4-Pad22)")
  (net 159 "Net-(U4-Pad17)")
  (net 160 "Net-(U4-Pad14)")
  (net 161 "Net-(U4-Pad11)")
  (net 162 "Net-(U4-Pad2)")
  (net 163 "Net-(U5-Pad2)")
  (net 164 "Net-(U5-Pad11)")
  (net 165 "Net-(U5-Pad14)")
  (net 166 "Net-(U5-Pad17)")
  (net 167 "Net-(U5-Pad22)")
  (net 168 "Net-(U5-Pad24)")
  (net 169 "Net-(U5-Pad29)")
  (net 170 "Net-(U6-Pad29)")
  (net 171 "Net-(U6-Pad24)")
  (net 172 "Net-(U6-Pad22)")
  (net 173 "Net-(U6-Pad17)")
  (net 174 "Net-(U6-Pad14)")
  (net 175 "Net-(U6-Pad11)")
  (net 176 "Net-(U6-Pad2)")
  (net 177 "Net-(U7-Pad29)")
  (net 178 "Net-(U7-Pad24)")
  (net 179 "Net-(U7-Pad22)")
  (net 180 "Net-(U7-Pad17)")
  (net 181 "Net-(U7-Pad14)")
  (net 182 "Net-(U7-Pad11)")
  (net 183 "Net-(U7-Pad2)")
  (net 184 "Net-(U8-Pad2)")
  (net 185 "Net-(U8-Pad11)")
  (net 186 "Net-(U8-Pad14)")
  (net 187 "Net-(U8-Pad17)")
  (net 188 "Net-(U8-Pad22)")
  (net 189 "Net-(U8-Pad24)")
  (net 190 "Net-(U8-Pad29)")

  (net_class Default "This is the default net class."
    (clearance 0.2)
    (trace_width 0.25)
    (via_dia 0.8)
    (via_drill 0.4)
    (uvia_dia 0.3)
    (uvia_drill 0.1)
    (add_net +12VA)
    (add_net /Power/12V)
    (add_net /Power/3.3V)
    (add_net "/Tiva/Absolute Encoders/Encoder_PWM_1")
    (add_net "/Tiva/Absolute Encoders/Encoder_PWM_2")
    (add_net "/Tiva/Limit Switches/Limit_Switch_1")
    (add_net "/Tiva/Limit Switches/Limit_Switch_2")
    (add_net "/Tiva/Limit Switches/Limit_Switch_3")
    (add_net "/Tiva/Limit Switches/Limit_Switch_4")
    (add_net "/Tiva/Motor Driver 1/Current_Sense_1")
    (add_net "/Tiva/Motor Driver 1/In_A_1")
    (add_net "/Tiva/Motor Driver 1/In_B_1")
    (add_net "/Tiva/Motor Driver 1/PWM_1")
    (add_net "/Tiva/Motor Driver 2/Current_Sense_2")
    (add_net "/Tiva/Motor Driver 2/In_A_2")
    (add_net "/Tiva/Motor Driver 2/In_B_2")
    (add_net "/Tiva/Motor Driver 2/PWM_2")
    (add_net "/Tiva/Motor Driver 3/Current_Sense_3")
    (add_net "/Tiva/Motor Driver 3/In_A_3")
    (add_net "/Tiva/Motor Driver 3/In_B_3")
    (add_net "/Tiva/Motor Driver 3/PWM_3")
    (add_net "/Tiva/Motor Driver 4/Current_Sense_4")
    (add_net "/Tiva/Motor Driver 4/In_A_4")
    (add_net "/Tiva/Motor Driver 4/In_B_4")
    (add_net "/Tiva/Motor Driver 4/PWM_4")
    (add_net "/Tiva/Motor Driver 5/Current_Sense_5")
    (add_net "/Tiva/Motor Driver 5/In_A_5")
    (add_net "/Tiva/Motor Driver 5/In_B_5")
    (add_net "/Tiva/Motor Driver 5/PWM_5")
    (add_net "/Tiva/Motor Driver 6/Current_Sense_6")
    (add_net "/Tiva/Motor Driver 6/In_A_6")
    (add_net "/Tiva/Motor Driver 6/In_B_6")
    (add_net "/Tiva/Motor Driver 6/PWM_6")
    (add_net GND)
    (add_net "Net-(Conn11-Pad1)")
    (add_net "Net-(Conn11-Pad2)")
    (add_net "Net-(Conn2-Pad1)")
    (add_net "Net-(Conn2-Pad2)")
    (add_net "Net-(Conn3-Pad1)")
    (add_net "Net-(Conn3-Pad2)")
    (add_net "Net-(Conn4-Pad1)")
    (add_net "Net-(Conn4-Pad2)")
    (add_net "Net-(Conn5-Pad1)")
    (add_net "Net-(Conn5-Pad2)")
    (add_net "Net-(Conn6-Pad1)")
    (add_net "Net-(Conn6-Pad2)")
    (add_net "Net-(D1-Pad2)")
    (add_net "Net-(D11-Pad1)")
    (add_net "Net-(D12-Pad1)")
    (add_net "Net-(D14-Pad1)")
    (add_net "Net-(D15-Pad1)")
    (add_net "Net-(D17-Pad1)")
    (add_net "Net-(D18-Pad1)")
    (add_net "Net-(D2-Pad2)")
    (add_net "Net-(D20-Pad1)")
    (add_net "Net-(D21-Pad1)")
    (add_net "Net-(D22-Pad2)")
    (add_net "Net-(D23-Pad2)")
    (add_net "Net-(D24-Pad2)")
    (add_net "Net-(D25-Pad2)")
    (add_net "Net-(D27-Pad1)")
    (add_net "Net-(D28-Pad1)")
    (add_net "Net-(D3-Pad1)")
    (add_net "Net-(D4-Pad1)")
    (add_net "Net-(D5-Pad2)")
    (add_net "Net-(D6-Pad2)")
    (add_net "Net-(D8-Pad1)")
    (add_net "Net-(D9-Pad1)")
    (add_net "Net-(R10-Pad1)")
    (add_net "Net-(R11-Pad1)")
    (add_net "Net-(R12-Pad1)")
    (add_net "Net-(R15-Pad1)")
    (add_net "Net-(R17-Pad1)")
    (add_net "Net-(R18-Pad1)")
    (add_net "Net-(R19-Pad1)")
    (add_net "Net-(R20-Pad1)")
    (add_net "Net-(R21-Pad1)")
    (add_net "Net-(R24-Pad1)")
    (add_net "Net-(R26-Pad1)")
    (add_net "Net-(R27-Pad1)")
    (add_net "Net-(R28-Pad1)")
    (add_net "Net-(R29-Pad1)")
    (add_net "Net-(R30-Pad1)")
    (add_net "Net-(R33-Pad1)")
    (add_net "Net-(R35-Pad1)")
    (add_net "Net-(R36-Pad1)")
    (add_net "Net-(R37-Pad1)")
    (add_net "Net-(R38-Pad1)")
    (add_net "Net-(R39-Pad1)")
    (add_net "Net-(R4-Pad1)")
    (add_net "Net-(R42-Pad1)")
    (add_net "Net-(R44-Pad1)")
    (add_net "Net-(R45-Pad1)")
    (add_net "Net-(R46-Pad1)")
    (add_net "Net-(R47-Pad1)")
    (add_net "Net-(R48-Pad1)")
    (add_net "Net-(R5-Pad1)")
    (add_net "Net-(R55-Pad1)")
    (add_net "Net-(R57-Pad1)")
    (add_net "Net-(R58-Pad1)")
    (add_net "Net-(R59-Pad1)")
    (add_net "Net-(R6-Pad1)")
    (add_net "Net-(R60-Pad1)")
    (add_net "Net-(R61-Pad1)")
    (add_net "Net-(R8-Pad1)")
    (add_net "Net-(R9-Pad1)")
    (add_net "Net-(U2-Pad+5V')")
    (add_net "Net-(U2-Pad+5V)")
    (add_net "Net-(U2-PadPA4)")
    (add_net "Net-(U2-PadPA5)")
    (add_net "Net-(U2-PadPA7)")
    (add_net "Net-(U2-PadPC4)")
    (add_net "Net-(U2-PadPC5)")
    (add_net "Net-(U2-PadPD0)")
    (add_net "Net-(U2-PadPD1)")
    (add_net "Net-(U2-PadPD2)")
    (add_net "Net-(U2-PadPE0)")
    (add_net "Net-(U2-PadPE1)")
    (add_net "Net-(U2-PadPE2)")
    (add_net "Net-(U2-PadPE3)")
    (add_net "Net-(U2-PadPE4)")
    (add_net "Net-(U2-PadPG0)")
    (add_net "Net-(U2-PadPH0)")
    (add_net "Net-(U2-PadPH1)")
    (add_net "Net-(U2-PadPH2)")
    (add_net "Net-(U2-PadPH3)")
    (add_net "Net-(U2-PadPK6)")
    (add_net "Net-(U2-PadPK7)")
    (add_net "Net-(U2-PadPL0)")
    (add_net "Net-(U2-PadPL1)")
    (add_net "Net-(U2-PadPL2)")
    (add_net "Net-(U2-PadPL3)")
    (add_net "Net-(U2-PadPL4)")
    (add_net "Net-(U2-PadPL5)")
    (add_net "Net-(U2-PadPM0)")
    (add_net "Net-(U2-PadPM3)")
    (add_net "Net-(U2-PadPM7)")
    (add_net "Net-(U2-PadPN2)")
    (add_net "Net-(U2-PadPN3)")
    (add_net "Net-(U2-PadPP0)")
    (add_net "Net-(U2-PadPP1)")
    (add_net "Net-(U2-PadPP2)")
    (add_net "Net-(U2-PadPP5)")
    (add_net "Net-(U2-PadPQ1)")
    (add_net "Net-(U2-PadPQ2)")
    (add_net "Net-(U2-PadPQ3)")
    (add_net "Net-(U2-PadRese')")
    (add_net "Net-(U2-PadRese)")
    (add_net "Net-(U3-Pad11)")
    (add_net "Net-(U3-Pad14)")
    (add_net "Net-(U3-Pad17)")
    (add_net "Net-(U3-Pad2)")
    (add_net "Net-(U3-Pad22)")
    (add_net "Net-(U3-Pad24)")
    (add_net "Net-(U3-Pad29)")
    (add_net "Net-(U4-Pad11)")
    (add_net "Net-(U4-Pad14)")
    (add_net "Net-(U4-Pad17)")
    (add_net "Net-(U4-Pad2)")
    (add_net "Net-(U4-Pad22)")
    (add_net "Net-(U4-Pad24)")
    (add_net "Net-(U4-Pad29)")
    (add_net "Net-(U5-Pad11)")
    (add_net "Net-(U5-Pad14)")
    (add_net "Net-(U5-Pad17)")
    (add_net "Net-(U5-Pad2)")
    (add_net "Net-(U5-Pad22)")
    (add_net "Net-(U5-Pad24)")
    (add_net "Net-(U5-Pad29)")
    (add_net "Net-(U6-Pad11)")
    (add_net "Net-(U6-Pad14)")
    (add_net "Net-(U6-Pad17)")
    (add_net "Net-(U6-Pad2)")
    (add_net "Net-(U6-Pad22)")
    (add_net "Net-(U6-Pad24)")
    (add_net "Net-(U6-Pad29)")
    (add_net "Net-(U7-Pad11)")
    (add_net "Net-(U7-Pad14)")
    (add_net "Net-(U7-Pad17)")
    (add_net "Net-(U7-Pad2)")
    (add_net "Net-(U7-Pad22)")
    (add_net "Net-(U7-Pad24)")
    (add_net "Net-(U7-Pad29)")
    (add_net "Net-(U8-Pad11)")
    (add_net "Net-(U8-Pad14)")
    (add_net "Net-(U8-Pad17)")
    (add_net "Net-(U8-Pad2)")
    (add_net "Net-(U8-Pad22)")
    (add_net "Net-(U8-Pad24)")
    (add_net "Net-(U8-Pad29)")
  )

  (module Capacitor_SMD:C_0603_1608Metric_Pad1.05x0.95mm_HandSolder (layer F.Cu) (tedit 5B301BBE) (tstamp 5FADA783)
    (at 85.605001 145.325001)
    (descr "Capacitor SMD 0603 (1608 Metric), square (rectangular) end terminal, IPC_7351 nominal with elongated pad for handsoldering. (Body size source: http://www.tortai-tech.com/upload/download/2011102023233369053.pdf), generated with kicad-footprint-generator")
    (tags "capacitor handsolder")
    (path /5F6E1E86/5F6F25A2)
    (attr smd)
    (fp_text reference C1 (at 0 -1.43) (layer F.SilkS)
      (effects (font (size 1 1) (thickness 0.15)))
    )
    (fp_text value 100uF (at 0 1.43) (layer F.Fab)
      (effects (font (size 1 1) (thickness 0.15)))
    )
    (fp_text user %R (at 0 0) (layer F.Fab)
      (effects (font (size 0.4 0.4) (thickness 0.06)))
    )
    (fp_line (start 1.65 0.73) (end -1.65 0.73) (layer F.CrtYd) (width 0.05))
    (fp_line (start 1.65 -0.73) (end 1.65 0.73) (layer F.CrtYd) (width 0.05))
    (fp_line (start -1.65 -0.73) (end 1.65 -0.73) (layer F.CrtYd) (width 0.05))
    (fp_line (start -1.65 0.73) (end -1.65 -0.73) (layer F.CrtYd) (width 0.05))
    (fp_line (start -0.171267 0.51) (end 0.171267 0.51) (layer F.SilkS) (width 0.12))
    (fp_line (start -0.171267 -0.51) (end 0.171267 -0.51) (layer F.SilkS) (width 0.12))
    (fp_line (start 0.8 0.4) (end -0.8 0.4) (layer F.Fab) (width 0.1))
    (fp_line (start 0.8 -0.4) (end 0.8 0.4) (layer F.Fab) (width 0.1))
    (fp_line (start -0.8 -0.4) (end 0.8 -0.4) (layer F.Fab) (width 0.1))
    (fp_line (start -0.8 0.4) (end -0.8 -0.4) (layer F.Fab) (width 0.1))
    (pad 2 smd roundrect (at 0.875 0) (size 1.05 0.95) (layers F.Cu F.Paste F.Mask) (roundrect_rratio 0.25)
      (net 1 /Power/12V))
    (pad 1 smd roundrect (at -0.875 0) (size 1.05 0.95) (layers F.Cu F.Paste F.Mask) (roundrect_rratio 0.25)
      (net 2 GND))
    (model ${KISYS3DMOD}/Capacitor_SMD.3dshapes/C_0603_1608Metric.wrl
      (at (xyz 0 0 0))
      (scale (xyz 1 1 1))
      (rotate (xyz 0 0 0))
    )
  )

  (module Capacitor_SMD:C_0603_1608Metric_Pad1.05x0.95mm_HandSolder (layer F.Cu) (tedit 5B301BBE) (tstamp 5FADA794)
    (at 85.605001 142.815001)
    (descr "Capacitor SMD 0603 (1608 Metric), square (rectangular) end terminal, IPC_7351 nominal with elongated pad for handsoldering. (Body size source: http://www.tortai-tech.com/upload/download/2011102023233369053.pdf), generated with kicad-footprint-generator")
    (tags "capacitor handsolder")
    (path /5F6E1E86/5F702EE3)
    (attr smd)
    (fp_text reference C2 (at 0 -1.43) (layer F.SilkS)
      (effects (font (size 1 1) (thickness 0.15)))
    )
    (fp_text value 1000uF (at 0 1.43) (layer F.Fab)
      (effects (font (size 1 1) (thickness 0.15)))
    )
    (fp_text user %R (at 0 0) (layer F.Fab)
      (effects (font (size 0.4 0.4) (thickness 0.06)))
    )
    (fp_line (start 1.65 0.73) (end -1.65 0.73) (layer F.CrtYd) (width 0.05))
    (fp_line (start 1.65 -0.73) (end 1.65 0.73) (layer F.CrtYd) (width 0.05))
    (fp_line (start -1.65 -0.73) (end 1.65 -0.73) (layer F.CrtYd) (width 0.05))
    (fp_line (start -1.65 0.73) (end -1.65 -0.73) (layer F.CrtYd) (width 0.05))
    (fp_line (start -0.171267 0.51) (end 0.171267 0.51) (layer F.SilkS) (width 0.12))
    (fp_line (start -0.171267 -0.51) (end 0.171267 -0.51) (layer F.SilkS) (width 0.12))
    (fp_line (start 0.8 0.4) (end -0.8 0.4) (layer F.Fab) (width 0.1))
    (fp_line (start 0.8 -0.4) (end 0.8 0.4) (layer F.Fab) (width 0.1))
    (fp_line (start -0.8 -0.4) (end 0.8 -0.4) (layer F.Fab) (width 0.1))
    (fp_line (start -0.8 0.4) (end -0.8 -0.4) (layer F.Fab) (width 0.1))
    (pad 2 smd roundrect (at 0.875 0) (size 1.05 0.95) (layers F.Cu F.Paste F.Mask) (roundrect_rratio 0.25)
      (net 2 GND))
    (pad 1 smd roundrect (at -0.875 0) (size 1.05 0.95) (layers F.Cu F.Paste F.Mask) (roundrect_rratio 0.25)
      (net 3 /Power/3.3V))
    (model ${KISYS3DMOD}/Capacitor_SMD.3dshapes/C_0603_1608Metric.wrl
      (at (xyz 0 0 0))
      (scale (xyz 1 1 1))
      (rotate (xyz 0 0 0))
    )
  )

  (module Capacitor_SMD:C_0603_1608Metric_Pad1.05x0.95mm_HandSolder (layer F.Cu) (tedit 5B301BBE) (tstamp 5FADA7A5)
    (at 84.845001 104.625001)
    (descr "Capacitor SMD 0603 (1608 Metric), square (rectangular) end terminal, IPC_7351 nominal with elongated pad for handsoldering. (Body size source: http://www.tortai-tech.com/upload/download/2011102023233369053.pdf), generated with kicad-footprint-generator")
    (tags "capacitor handsolder")
    (path /5F7148FA/5FA34AD5/5FA5B773)
    (attr smd)
    (fp_text reference C3 (at 0 -1.43) (layer F.SilkS)
      (effects (font (size 1 1) (thickness 0.15)))
    )
    (fp_text value 33nF (at 0 1.43) (layer F.Fab)
      (effects (font (size 1 1) (thickness 0.15)))
    )
    (fp_line (start -0.8 0.4) (end -0.8 -0.4) (layer F.Fab) (width 0.1))
    (fp_line (start -0.8 -0.4) (end 0.8 -0.4) (layer F.Fab) (width 0.1))
    (fp_line (start 0.8 -0.4) (end 0.8 0.4) (layer F.Fab) (width 0.1))
    (fp_line (start 0.8 0.4) (end -0.8 0.4) (layer F.Fab) (width 0.1))
    (fp_line (start -0.171267 -0.51) (end 0.171267 -0.51) (layer F.SilkS) (width 0.12))
    (fp_line (start -0.171267 0.51) (end 0.171267 0.51) (layer F.SilkS) (width 0.12))
    (fp_line (start -1.65 0.73) (end -1.65 -0.73) (layer F.CrtYd) (width 0.05))
    (fp_line (start -1.65 -0.73) (end 1.65 -0.73) (layer F.CrtYd) (width 0.05))
    (fp_line (start 1.65 -0.73) (end 1.65 0.73) (layer F.CrtYd) (width 0.05))
    (fp_line (start 1.65 0.73) (end -1.65 0.73) (layer F.CrtYd) (width 0.05))
    (fp_text user %R (at 0 0) (layer F.Fab)
      (effects (font (size 0.4 0.4) (thickness 0.06)))
    )
    (pad 1 smd roundrect (at -0.875 0) (size 1.05 0.95) (layers F.Cu F.Paste F.Mask) (roundrect_rratio 0.25)
      (net 2 GND))
    (pad 2 smd roundrect (at 0.875 0) (size 1.05 0.95) (layers F.Cu F.Paste F.Mask) (roundrect_rratio 0.25)
      (net 4 "/Tiva/Motor Driver 2/Current_Sense_2"))
    (model ${KISYS3DMOD}/Capacitor_SMD.3dshapes/C_0603_1608Metric.wrl
      (at (xyz 0 0 0))
      (scale (xyz 1 1 1))
      (rotate (xyz 0 0 0))
    )
  )

  (module Capacitor_SMD:C_0603_1608Metric_Pad1.05x0.95mm_HandSolder (layer F.Cu) (tedit 5B301BBE) (tstamp 5FADA7B6)
    (at 193.925001 34.155001)
    (descr "Capacitor SMD 0603 (1608 Metric), square (rectangular) end terminal, IPC_7351 nominal with elongated pad for handsoldering. (Body size source: http://www.tortai-tech.com/upload/download/2011102023233369053.pdf), generated with kicad-footprint-generator")
    (tags "capacitor handsolder")
    (path /5F7148FA/5FA34AD7/5FA7B7E5)
    (attr smd)
    (fp_text reference C4 (at 0 -1.43) (layer F.SilkS)
      (effects (font (size 1 1) (thickness 0.15)))
    )
    (fp_text value 33nF (at 0 1.43) (layer F.Fab)
      (effects (font (size 1 1) (thickness 0.15)))
    )
    (fp_text user %R (at 0 0) (layer F.Fab)
      (effects (font (size 0.4 0.4) (thickness 0.06)))
    )
    (fp_line (start 1.65 0.73) (end -1.65 0.73) (layer F.CrtYd) (width 0.05))
    (fp_line (start 1.65 -0.73) (end 1.65 0.73) (layer F.CrtYd) (width 0.05))
    (fp_line (start -1.65 -0.73) (end 1.65 -0.73) (layer F.CrtYd) (width 0.05))
    (fp_line (start -1.65 0.73) (end -1.65 -0.73) (layer F.CrtYd) (width 0.05))
    (fp_line (start -0.171267 0.51) (end 0.171267 0.51) (layer F.SilkS) (width 0.12))
    (fp_line (start -0.171267 -0.51) (end 0.171267 -0.51) (layer F.SilkS) (width 0.12))
    (fp_line (start 0.8 0.4) (end -0.8 0.4) (layer F.Fab) (width 0.1))
    (fp_line (start 0.8 -0.4) (end 0.8 0.4) (layer F.Fab) (width 0.1))
    (fp_line (start -0.8 -0.4) (end 0.8 -0.4) (layer F.Fab) (width 0.1))
    (fp_line (start -0.8 0.4) (end -0.8 -0.4) (layer F.Fab) (width 0.1))
    (pad 2 smd roundrect (at 0.875 0) (size 1.05 0.95) (layers F.Cu F.Paste F.Mask) (roundrect_rratio 0.25)
      (net 5 "/Tiva/Motor Driver 3/Current_Sense_3"))
    (pad 1 smd roundrect (at -0.875 0) (size 1.05 0.95) (layers F.Cu F.Paste F.Mask) (roundrect_rratio 0.25)
      (net 2 GND))
    (model ${KISYS3DMOD}/Capacitor_SMD.3dshapes/C_0603_1608Metric.wrl
      (at (xyz 0 0 0))
      (scale (xyz 1 1 1))
      (rotate (xyz 0 0 0))
    )
  )

  (module Capacitor_SMD:C_0603_1608Metric_Pad1.05x0.95mm_HandSolder (layer F.Cu) (tedit 5B301BBE) (tstamp 5FADA7C7)
    (at 93.105001 131.715001)
    (descr "Capacitor SMD 0603 (1608 Metric), square (rectangular) end terminal, IPC_7351 nominal with elongated pad for handsoldering. (Body size source: http://www.tortai-tech.com/upload/download/2011102023233369053.pdf), generated with kicad-footprint-generator")
    (tags "capacitor handsolder")
    (path /5F7148FA/5FA34AD9/5FA9782E)
    (attr smd)
    (fp_text reference C5 (at 0 -1.43) (layer F.SilkS)
      (effects (font (size 1 1) (thickness 0.15)))
    )
    (fp_text value 33nF (at 0 1.43) (layer F.Fab)
      (effects (font (size 1 1) (thickness 0.15)))
    )
    (fp_line (start -0.8 0.4) (end -0.8 -0.4) (layer F.Fab) (width 0.1))
    (fp_line (start -0.8 -0.4) (end 0.8 -0.4) (layer F.Fab) (width 0.1))
    (fp_line (start 0.8 -0.4) (end 0.8 0.4) (layer F.Fab) (width 0.1))
    (fp_line (start 0.8 0.4) (end -0.8 0.4) (layer F.Fab) (width 0.1))
    (fp_line (start -0.171267 -0.51) (end 0.171267 -0.51) (layer F.SilkS) (width 0.12))
    (fp_line (start -0.171267 0.51) (end 0.171267 0.51) (layer F.SilkS) (width 0.12))
    (fp_line (start -1.65 0.73) (end -1.65 -0.73) (layer F.CrtYd) (width 0.05))
    (fp_line (start -1.65 -0.73) (end 1.65 -0.73) (layer F.CrtYd) (width 0.05))
    (fp_line (start 1.65 -0.73) (end 1.65 0.73) (layer F.CrtYd) (width 0.05))
    (fp_line (start 1.65 0.73) (end -1.65 0.73) (layer F.CrtYd) (width 0.05))
    (fp_text user %R (at 0 0) (layer F.Fab)
      (effects (font (size 0.4 0.4) (thickness 0.06)))
    )
    (pad 1 smd roundrect (at -0.875 0) (size 1.05 0.95) (layers F.Cu F.Paste F.Mask) (roundrect_rratio 0.25)
      (net 2 GND))
    (pad 2 smd roundrect (at 0.875 0) (size 1.05 0.95) (layers F.Cu F.Paste F.Mask) (roundrect_rratio 0.25)
      (net 6 "/Tiva/Motor Driver 4/Current_Sense_4"))
    (model ${KISYS3DMOD}/Capacitor_SMD.3dshapes/C_0603_1608Metric.wrl
      (at (xyz 0 0 0))
      (scale (xyz 1 1 1))
      (rotate (xyz 0 0 0))
    )
  )

  (module Capacitor_SMD:C_0603_1608Metric_Pad1.05x0.95mm_HandSolder (layer F.Cu) (tedit 5B301BBE) (tstamp 5FADA7D8)
    (at 185.145001 74.935001)
    (descr "Capacitor SMD 0603 (1608 Metric), square (rectangular) end terminal, IPC_7351 nominal with elongated pad for handsoldering. (Body size source: http://www.tortai-tech.com/upload/download/2011102023233369053.pdf), generated with kicad-footprint-generator")
    (tags "capacitor handsolder")
    (path /5F7148FA/5FA34ADB/5FAB35F7)
    (attr smd)
    (fp_text reference C6 (at 0 -1.43) (layer F.SilkS)
      (effects (font (size 1 1) (thickness 0.15)))
    )
    (fp_text value 33nF (at 0 1.43) (layer F.Fab)
      (effects (font (size 1 1) (thickness 0.15)))
    )
    (fp_line (start -0.8 0.4) (end -0.8 -0.4) (layer F.Fab) (width 0.1))
    (fp_line (start -0.8 -0.4) (end 0.8 -0.4) (layer F.Fab) (width 0.1))
    (fp_line (start 0.8 -0.4) (end 0.8 0.4) (layer F.Fab) (width 0.1))
    (fp_line (start 0.8 0.4) (end -0.8 0.4) (layer F.Fab) (width 0.1))
    (fp_line (start -0.171267 -0.51) (end 0.171267 -0.51) (layer F.SilkS) (width 0.12))
    (fp_line (start -0.171267 0.51) (end 0.171267 0.51) (layer F.SilkS) (width 0.12))
    (fp_line (start -1.65 0.73) (end -1.65 -0.73) (layer F.CrtYd) (width 0.05))
    (fp_line (start -1.65 -0.73) (end 1.65 -0.73) (layer F.CrtYd) (width 0.05))
    (fp_line (start 1.65 -0.73) (end 1.65 0.73) (layer F.CrtYd) (width 0.05))
    (fp_line (start 1.65 0.73) (end -1.65 0.73) (layer F.CrtYd) (width 0.05))
    (fp_text user %R (at 0 0) (layer F.Fab)
      (effects (font (size 0.4 0.4) (thickness 0.06)))
    )
    (pad 1 smd roundrect (at -0.875 0) (size 1.05 0.95) (layers F.Cu F.Paste F.Mask) (roundrect_rratio 0.25)
      (net 2 GND))
    (pad 2 smd roundrect (at 0.875 0) (size 1.05 0.95) (layers F.Cu F.Paste F.Mask) (roundrect_rratio 0.25)
      (net 7 "/Tiva/Motor Driver 5/Current_Sense_5"))
    (model ${KISYS3DMOD}/Capacitor_SMD.3dshapes/C_0603_1608Metric.wrl
      (at (xyz 0 0 0))
      (scale (xyz 1 1 1))
      (rotate (xyz 0 0 0))
    )
  )

  (module Capacitor_SMD:C_0603_1608Metric_Pad1.05x0.95mm_HandSolder (layer F.Cu) (tedit 5B301BBE) (tstamp 5FADA7E9)
    (at 154.055001 126.695001)
    (descr "Capacitor SMD 0603 (1608 Metric), square (rectangular) end terminal, IPC_7351 nominal with elongated pad for handsoldering. (Body size source: http://www.tortai-tech.com/upload/download/2011102023233369053.pdf), generated with kicad-footprint-generator")
    (tags "capacitor handsolder")
    (path /5F7148FA/5FA34ADD/5FACB54C)
    (attr smd)
    (fp_text reference C7 (at 0 -1.43) (layer F.SilkS)
      (effects (font (size 1 1) (thickness 0.15)))
    )
    (fp_text value 33nF (at 0 1.43) (layer F.Fab)
      (effects (font (size 1 1) (thickness 0.15)))
    )
    (fp_text user %R (at 0 0) (layer F.Fab)
      (effects (font (size 0.4 0.4) (thickness 0.06)))
    )
    (fp_line (start 1.65 0.73) (end -1.65 0.73) (layer F.CrtYd) (width 0.05))
    (fp_line (start 1.65 -0.73) (end 1.65 0.73) (layer F.CrtYd) (width 0.05))
    (fp_line (start -1.65 -0.73) (end 1.65 -0.73) (layer F.CrtYd) (width 0.05))
    (fp_line (start -1.65 0.73) (end -1.65 -0.73) (layer F.CrtYd) (width 0.05))
    (fp_line (start -0.171267 0.51) (end 0.171267 0.51) (layer F.SilkS) (width 0.12))
    (fp_line (start -0.171267 -0.51) (end 0.171267 -0.51) (layer F.SilkS) (width 0.12))
    (fp_line (start 0.8 0.4) (end -0.8 0.4) (layer F.Fab) (width 0.1))
    (fp_line (start 0.8 -0.4) (end 0.8 0.4) (layer F.Fab) (width 0.1))
    (fp_line (start -0.8 -0.4) (end 0.8 -0.4) (layer F.Fab) (width 0.1))
    (fp_line (start -0.8 0.4) (end -0.8 -0.4) (layer F.Fab) (width 0.1))
    (pad 2 smd roundrect (at 0.875 0) (size 1.05 0.95) (layers F.Cu F.Paste F.Mask) (roundrect_rratio 0.25)
      (net 8 "/Tiva/Motor Driver 6/Current_Sense_6"))
    (pad 1 smd roundrect (at -0.875 0) (size 1.05 0.95) (layers F.Cu F.Paste F.Mask) (roundrect_rratio 0.25)
      (net 2 GND))
    (model ${KISYS3DMOD}/Capacitor_SMD.3dshapes/C_0603_1608Metric.wrl
      (at (xyz 0 0 0))
      (scale (xyz 1 1 1))
      (rotate (xyz 0 0 0))
    )
  )

  (module Capacitor_SMD:C_0603_1608Metric_Pad1.05x0.95mm_HandSolder (layer F.Cu) (tedit 5B301BBE) (tstamp 5FADA7FA)
    (at 61.755001 149.775001)
    (descr "Capacitor SMD 0603 (1608 Metric), square (rectangular) end terminal, IPC_7351 nominal with elongated pad for handsoldering. (Body size source: http://www.tortai-tech.com/upload/download/2011102023233369053.pdf), generated with kicad-footprint-generator")
    (tags "capacitor handsolder")
    (path /5F7148FA/5FA34AD3/5FA3488C)
    (attr smd)
    (fp_text reference C8 (at 0 -1.43) (layer F.SilkS)
      (effects (font (size 1 1) (thickness 0.15)))
    )
    (fp_text value 33nF (at 0 1.43) (layer F.Fab)
      (effects (font (size 1 1) (thickness 0.15)))
    )
    (fp_line (start -0.8 0.4) (end -0.8 -0.4) (layer F.Fab) (width 0.1))
    (fp_line (start -0.8 -0.4) (end 0.8 -0.4) (layer F.Fab) (width 0.1))
    (fp_line (start 0.8 -0.4) (end 0.8 0.4) (layer F.Fab) (width 0.1))
    (fp_line (start 0.8 0.4) (end -0.8 0.4) (layer F.Fab) (width 0.1))
    (fp_line (start -0.171267 -0.51) (end 0.171267 -0.51) (layer F.SilkS) (width 0.12))
    (fp_line (start -0.171267 0.51) (end 0.171267 0.51) (layer F.SilkS) (width 0.12))
    (fp_line (start -1.65 0.73) (end -1.65 -0.73) (layer F.CrtYd) (width 0.05))
    (fp_line (start -1.65 -0.73) (end 1.65 -0.73) (layer F.CrtYd) (width 0.05))
    (fp_line (start 1.65 -0.73) (end 1.65 0.73) (layer F.CrtYd) (width 0.05))
    (fp_line (start 1.65 0.73) (end -1.65 0.73) (layer F.CrtYd) (width 0.05))
    (fp_text user %R (at 0 0) (layer F.Fab)
      (effects (font (size 0.4 0.4) (thickness 0.06)))
    )
    (pad 1 smd roundrect (at -0.875 0) (size 1.05 0.95) (layers F.Cu F.Paste F.Mask) (roundrect_rratio 0.25)
      (net 2 GND))
    (pad 2 smd roundrect (at 0.875 0) (size 1.05 0.95) (layers F.Cu F.Paste F.Mask) (roundrect_rratio 0.25)
      (net 9 "/Tiva/Motor Driver 1/Current_Sense_1"))
    (model ${KISYS3DMOD}/Capacitor_SMD.3dshapes/C_0603_1608Metric.wrl
      (at (xyz 0 0 0))
      (scale (xyz 1 1 1))
      (rotate (xyz 0 0 0))
    )
  )

  (module MRDT_Connectors:Anderson_3_Vertical_Side_by_Side (layer F.Cu) (tedit 5DD89709) (tstamp 5FADA823)
    (at 112.090001 142.619001)
    (path /5F8E3C0A)
    (fp_text reference Conn1 (at 17.363 6.426) (layer F.Fab)
      (effects (font (size 1 1) (thickness 0.15)))
    )
    (fp_text value AndersonPP (at 7.963 -4.474 180) (layer F.Fab) hide
      (effects (font (size 1 1) (thickness 0.15)))
    )
    (fp_line (start 3.963 4.826) (end -3.937 4.826) (layer F.SilkS) (width 0.15))
    (fp_line (start 3.963 -3.074) (end -3.937 -3.074) (layer F.SilkS) (width 0.15))
    (fp_text user GND (at 0 4.064) (layer F.SilkS)
      (effects (font (size 1 1) (thickness 0.15)))
    )
    (fp_line (start -3.937 -1.524) (end -4.445 -1.524) (layer F.SilkS) (width 0.15))
    (fp_line (start -4.445 3.048) (end -3.937 3.048) (layer F.SilkS) (width 0.15))
    (fp_line (start -4.445 -1.524) (end -4.445 3.048) (layer F.SilkS) (width 0.15))
    (fp_line (start -2.286 4.826) (end -2.286 5.334) (layer F.SilkS) (width 0.15))
    (fp_line (start -2.286 5.334) (end 2.286 5.334) (layer F.SilkS) (width 0.15))
    (fp_line (start 2.286 5.334) (end 2.286 4.826) (layer F.SilkS) (width 0.15))
    (fp_line (start -3.937 4.826) (end -3.937 -3.074) (layer F.SilkS) (width 0.15))
    (fp_line (start 3.4544 -1.524) (end 3.4544 3.048) (layer F.SilkS) (width 0.15))
    (fp_line (start 3.963 4.826) (end 3.963 -3.074) (layer F.SilkS) (width 0.15))
    (fp_line (start 3.4544 3.048) (end 3.9624 3.048) (layer F.SilkS) (width 0.15))
    (fp_line (start 3.9624 -1.524) (end 3.4544 -1.524) (layer F.SilkS) (width 0.15))
    (fp_line (start 5.591 4.826) (end 5.591 5.334) (layer F.SilkS) (width 0.15))
    (fp_line (start 11.863 -3.074) (end 3.963 -3.074) (layer F.SilkS) (width 0.15))
    (fp_line (start 5.591 5.334) (end 10.163 5.334) (layer F.SilkS) (width 0.15))
    (fp_line (start 10.163 5.334) (end 10.163 4.826) (layer F.SilkS) (width 0.15))
    (fp_line (start 11.355 3.048) (end 11.863 3.048) (layer F.SilkS) (width 0.15))
    (fp_line (start 11.863 -1.524) (end 11.355 -1.524) (layer F.SilkS) (width 0.15))
    (fp_line (start 11.863 4.826) (end 3.963 4.826) (layer F.SilkS) (width 0.15))
    (fp_line (start 11.863 4.826) (end 11.863 -3.074) (layer F.SilkS) (width 0.15))
    (fp_line (start 11.355 -1.524) (end 11.355 3.048) (layer F.SilkS) (width 0.15))
    (fp_text user LOG (at 7.912 4.064) (layer F.SilkS)
      (effects (font (size 1 1) (thickness 0.15)))
    )
    (fp_line (start 13.491 4.826) (end 13.491 5.334) (layer F.SilkS) (width 0.15))
    (fp_line (start 18.063 5.334) (end 18.063 4.826) (layer F.SilkS) (width 0.15))
    (fp_line (start 19.763 4.826) (end 11.863 4.826) (layer F.SilkS) (width 0.15))
    (fp_line (start 19.763 -1.524) (end 19.255 -1.524) (layer F.SilkS) (width 0.15))
    (fp_line (start 19.763 4.826) (end 19.763 -3.074) (layer F.SilkS) (width 0.15))
    (fp_line (start 13.491 5.334) (end 18.063 5.334) (layer F.SilkS) (width 0.15))
    (fp_line (start 19.255 3.048) (end 19.763 3.048) (layer F.SilkS) (width 0.15))
    (fp_line (start 19.255 -1.524) (end 19.255 3.048) (layer F.SilkS) (width 0.15))
    (fp_line (start 19.763 -3.074) (end 11.863 -3.074) (layer F.SilkS) (width 0.15))
    (fp_text user ACT (at 15.812 4.064) (layer F.SilkS)
      (effects (font (size 1 1) (thickness 0.15)))
    )
    (pad 1 thru_hole circle (at 0.013 0.026 270) (size 5.08 5.08) (drill 4.104006) (layers *.Cu *.Mask)
      (net 2 GND))
    (pad 2 thru_hole circle (at 7.913 0.026 270) (size 5.08 5.08) (drill 4.104006) (layers *.Cu *.Mask)
      (net 1 /Power/12V))
    (pad 3 thru_hole circle (at 15.813 0.026 270) (size 5.08 5.08) (drill 4.104006) (layers *.Cu *.Mask)
      (net 10 +12VA))
    (model "${MRDT_KICAD_LIBRARIES}/3D Files/MRDT_Connctors/Anderson_3_Vertcal_Side_by_Side.stp"
      (offset (xyz 19.68499970436096 1.904999971389771 0))
      (scale (xyz 1 1 1))
      (rotate (xyz 0 90 -90))
    )
  )

  (module MRDT_Connectors:Anderson_2_Horizontal_Side_by_Side (layer F.Cu) (tedit 5DD896CB) (tstamp 5FADA841)
    (at 58.749001 107.882001)
    (path /5F7148FA/5FA34AD5/5FA5B7FC)
    (fp_text reference Conn2 (at -5.4356 12.573) (layer F.SilkS) hide
      (effects (font (size 1 1) (thickness 0.15)))
    )
    (fp_text value AndersonPP (at -16.4211 -4.953) (layer F.Fab)
      (effects (font (size 1 1) (thickness 0.15)))
    )
    (fp_arc (start -18.1356 11.811) (end -18.1356 10.6934) (angle 90) (layer F.SilkS) (width 0.15))
    (fp_arc (start -18.1356 11.811) (end -19.2532 11.811) (angle 90) (layer F.SilkS) (width 0.15))
    (fp_line (start -28.194 -3.937) (end -28.194 11.811) (layer F.SilkS) (width 0.15))
    (fp_line (start -3.556 -3.937) (end -3.556 11.811) (layer F.SilkS) (width 0.15))
    (fp_line (start -19.2786 -3.937) (end -20.4978 -3.937) (layer F.SilkS) (width 0.15))
    (fp_arc (start -18.1356 -3.937) (end -16.9926 -3.937) (angle 90) (layer F.SilkS) (width 0.15))
    (fp_arc (start -18.1356 -3.937) (end -18.1356 -2.794) (angle 90) (layer F.SilkS) (width 0.15))
    (fp_line (start -15.8242 11.811) (end -17.018 11.811) (layer F.SilkS) (width 0.15))
    (fp_line (start -18.1356 9.4996) (end -18.1356 10.668) (layer F.SilkS) (width 0.15))
    (fp_line (start -20.447 11.811) (end -19.2786 11.811) (layer F.SilkS) (width 0.15))
    (fp_line (start -15.875 -3.937) (end -16.9672 -3.937) (layer F.SilkS) (width 0.15))
    (fp_line (start -18.1356 -2.794) (end -18.1356 -1.6256) (layer F.SilkS) (width 0.15))
    (fp_line (start -18.1356 6.223) (end -18.1356 5.08) (layer F.SilkS) (width 0.15))
    (fp_line (start -28.1686 3.9116) (end -19.2786 3.9116) (layer F.SilkS) (width 0.15))
    (fp_line (start -18.1356 1.651) (end -18.1356 2.794) (layer F.SilkS) (width 0.15))
    (fp_line (start -15.8496 3.937) (end -16.9926 3.937) (layer F.SilkS) (width 0.15))
    (fp_line (start -18.1356 6.223) (end -18.1356 9.525) (layer F.SilkS) (width 0.15))
    (fp_line (start -15.8496 3.937) (end -3.556 3.937) (layer F.SilkS) (width 0.15))
    (fp_line (start -18.1356 1.651) (end -18.1356 -1.6256) (layer F.SilkS) (width 0.15))
    (fp_circle (center -18.1356 3.937) (end -18.1356 5.08) (layer F.SilkS) (width 0.15))
    (fp_line (start -15.8496 11.811) (end -3.556 11.811) (layer F.SilkS) (width 0.15))
    (fp_line (start -20.4216 11.811) (end -28.1686 11.811) (layer F.SilkS) (width 0.15))
    (fp_line (start -28.1686 -3.937) (end -20.4216 -3.937) (layer F.SilkS) (width 0.15))
    (fp_line (start -15.8496 -3.937) (end -3.556 -3.937) (layer F.SilkS) (width 0.15))
    (pad 2 thru_hole circle (at 0.0254 7.874) (size 5.08 5.08) (drill 4.06) (layers *.Cu *.Mask F.Paste)
      (net 12 "Net-(Conn2-Pad2)"))
    (pad 1 thru_hole circle (at 0.0254 0) (size 5.08 5.08) (drill 4.06) (layers *.Cu *.Mask F.Paste)
      (net 11 "Net-(Conn2-Pad1)"))
    (model "${MRDT_KICAD_LIBRARIES}/3D Files/MRDT_Connctors/Anderson_2_Horizontal_Side_by_Side.stp"
      (offset (xyz -3.174999952316284 -11.42999982833862 7.619999885559082))
      (scale (xyz 1 1 1))
      (rotate (xyz 180 0 180))
    )
  )

  (module MRDT_Connectors:Anderson_2_Horizontal_Side_by_Side (layer F.Cu) (tedit 5DD896CB) (tstamp 5FADA85F)
    (at 211.739001 20.522001)
    (path /5F7148FA/5FA34AD7/5FA7B86E)
    (fp_text reference Conn3 (at -5.4356 12.573) (layer F.SilkS) hide
      (effects (font (size 1 1) (thickness 0.15)))
    )
    (fp_text value AndersonPP (at -16.4211 -4.953) (layer F.Fab)
      (effects (font (size 1 1) (thickness 0.15)))
    )
    (fp_line (start -15.8496 -3.937) (end -3.556 -3.937) (layer F.SilkS) (width 0.15))
    (fp_line (start -28.1686 -3.937) (end -20.4216 -3.937) (layer F.SilkS) (width 0.15))
    (fp_line (start -20.4216 11.811) (end -28.1686 11.811) (layer F.SilkS) (width 0.15))
    (fp_line (start -15.8496 11.811) (end -3.556 11.811) (layer F.SilkS) (width 0.15))
    (fp_circle (center -18.1356 3.937) (end -18.1356 5.08) (layer F.SilkS) (width 0.15))
    (fp_line (start -18.1356 1.651) (end -18.1356 -1.6256) (layer F.SilkS) (width 0.15))
    (fp_line (start -15.8496 3.937) (end -3.556 3.937) (layer F.SilkS) (width 0.15))
    (fp_line (start -18.1356 6.223) (end -18.1356 9.525) (layer F.SilkS) (width 0.15))
    (fp_line (start -15.8496 3.937) (end -16.9926 3.937) (layer F.SilkS) (width 0.15))
    (fp_line (start -18.1356 1.651) (end -18.1356 2.794) (layer F.SilkS) (width 0.15))
    (fp_line (start -28.1686 3.9116) (end -19.2786 3.9116) (layer F.SilkS) (width 0.15))
    (fp_line (start -18.1356 6.223) (end -18.1356 5.08) (layer F.SilkS) (width 0.15))
    (fp_line (start -18.1356 -2.794) (end -18.1356 -1.6256) (layer F.SilkS) (width 0.15))
    (fp_line (start -15.875 -3.937) (end -16.9672 -3.937) (layer F.SilkS) (width 0.15))
    (fp_line (start -20.447 11.811) (end -19.2786 11.811) (layer F.SilkS) (width 0.15))
    (fp_line (start -18.1356 9.4996) (end -18.1356 10.668) (layer F.SilkS) (width 0.15))
